tile_id row_start row_num col_start col_num nnz bypass_cache_l bypass_cache_r use_victim_cache
0 0 128 0 512 105 1 1 0
1 0 128 512 512 94 1 1 0
2 0 128 1024 512 109 1 1 0
3 0 128 1536 512 137 1 1 0
4 0 128 2048 512 125 1 1 0
5 0 128 2560 148 23 1 1 0
6 128 128 0 512 112 1 1 0
7 128 128 512 512 85 1 1 0
8 128 128 1024 512 69 1 1 0
9 128 128 1536 512 115 1 1 0
10 128 128 2048 512 60 1 1 0
11 128 128 2560 148 19 1 1 0
12 256 128 0 512 111 1 1 0
13 256 128 512 512 96 1 1 0
14 256 128 1024 512 88 1 1 0
15 256 128 1536 512 119 1 1 0
16 256 128 2048 512 86 1 1 0
17 256 128 2560 148 11 1 1 0
18 384 128 0 512 108 1 1 0
19 384 128 512 512 101 1 1 0
20 384 128 1024 512 95 1 1 0
21 384 128 1536 512 138 1 1 0
22 384 128 2048 512 92 1 1 0
23 384 128 2560 148 14 1 1 0
24 512 128 0 512 112 1 1 0
25 512 128 512 512 95 1 1 0
26 512 128 1024 512 79 1 1 0
27 512 128 1536 512 89 1 1 0
28 512 128 2048 512 94 1 1 0
29 512 128 2560 148 5 1 1 0
30 640 128 0 512 100 1 1 0
31 640 128 512 512 98 1 1 0
32 640 128 1024 512 108 1 1 0
33 640 128 1536 512 111 1 1 0
34 640 128 2048 512 97 1 1 0
35 640 128 2560 148 8 1 1 0
36 768 128 0 512 92 1 1 0
37 768 128 512 512 90 1 1 0
38 768 128 1024 512 89 1 1 0
39 768 128 1536 512 98 1 1 0
40 768 128 2048 512 65 1 1 0
41 768 128 2560 148 8 1 1 0
42 896 128 0 512 72 1 1 0
43 896 128 512 512 77 1 1 0
44 896 128 1024 512 104 1 1 0
45 896 128 1536 512 98 1 1 0
46 896 128 2048 512 68 1 1 0
47 896 128 2560 148 21 1 1 0
48 1024 128 0 512 80 1 1 0
49 1024 128 512 512 86 1 1 0
50 1024 128 1024 512 127 1 1 0
51 1024 128 1536 512 90 1 1 0
52 1024 128 2048 512 105 1 1 0
53 1024 128 2560 148 18 1 1 0
54 1152 128 0 512 92 1 1 0
55 1152 128 512 512 91 1 1 0
56 1152 128 1024 512 104 1 1 0
57 1152 128 1536 512 93 1 1 0
58 1152 128 2048 512 84 1 1 0
59 1152 128 2560 148 16 1 1 0
60 1280 128 0 512 105 1 1 0
61 1280 128 512 512 121 1 1 0
62 1280 128 1024 512 124 1 1 0
63 1280 128 1536 512 159 1 1 0
64 1280 128 2048 512 80 1 1 0
65 1280 128 2560 148 17 1 1 0
66 1408 128 0 512 84 1 1 0
67 1408 128 512 512 82 1 1 0
68 1408 128 1024 512 117 1 1 0
69 1408 128 1536 512 111 1 1 0
70 1408 128 2048 512 93 1 1 0
71 1408 128 2560 148 16 1 1 0
72 1536 128 0 512 112 1 1 0
73 1536 128 512 512 85 1 1 0
74 1536 128 1024 512 107 1 1 0
75 1536 128 1536 512 115 1 1 0
76 1536 128 2048 512 68 1 1 0
77 1536 128 2560 148 17 1 1 0
78 1664 128 0 512 138 1 1 0
79 1664 128 512 512 90 1 1 0
80 1664 128 1024 512 161 1 1 0
81 1664 128 1536 512 191 1 1 0
82 1664 128 2048 512 81 1 1 0
83 1664 128 2560 148 17 1 1 0
84 1792 128 0 512 104 1 1 0
85 1792 128 512 512 126 1 1 0
86 1792 128 1024 512 89 1 1 0
87 1792 128 1536 512 192 1 1 0
88 1792 128 2048 512 52 1 1 0
89 1792 128 2560 148 6 1 1 0
90 1920 128 0 512 155 1 1 0
91 1920 128 512 512 95 1 1 0
92 1920 128 1024 512 96 1 1 0
93 1920 128 1536 512 230 1 1 0
94 1920 128 2048 512 60 1 1 0
95 1920 128 2560 148 4 1 1 0
96 2048 128 0 512 108 1 1 0
97 2048 128 512 512 83 1 1 0
98 2048 128 1024 512 105 1 1 0
99 2048 128 1536 512 87 1 1 0
100 2048 128 2048 512 125 1 1 0
101 2048 128 2560 148 6 1 1 0
102 2176 128 0 512 103 1 1 0
103 2176 128 512 512 85 1 1 0
104 2176 128 1024 512 102 1 1 0
105 2176 128 1536 512 51 1 1 0
106 2176 128 2048 512 140 1 1 0
107 2176 128 2560 148 1 1 1 0
108 2304 128 0 512 76 1 1 0
109 2304 128 512 512 74 1 1 0
110 2304 128 1024 512 89 1 1 0
111 2304 128 1536 512 75 1 1 0
112 2304 128 2048 512 102 1 1 0
113 2304 128 2560 148 3 1 1 0
114 2432 128 0 512 76 1 1 0
115 2432 128 512 512 82 1 1 0
116 2432 128 1024 512 66 1 1 0
117 2432 128 1536 512 48 1 1 0
118 2432 128 2048 512 81 1 1 0
119 2432 128 2560 148 11 1 1 0
120 2560 128 0 512 57 1 1 0
121 2560 128 512 512 38 1 1 0
122 2560 128 1024 512 61 1 1 0
123 2560 128 1536 512 40 1 1 0
124 2560 128 2048 512 19 1 1 0
125 2560 128 2560 148 51 1 1 0
126 2688 20 0 512 10 1 1 0
127 2688 20 512 512 4 1 1 0
128 2688 20 1024 512 6 1 1 0
129 2688 20 1536 512 4 1 1 0
130 2688 20 2048 512 2 1 1 0
131 2688 20 2560 148 9 1 1 0
