3 496 1.0
4 127 1.0
4 128 1.0
5 498 1.0
10 497 1.0
14 27 1.0
14 29 1.0
15 319 1.0
16 396 1.0
17 92 1.0
18 34 1.0
18 97 1.0
20 221 1.0
20 222 1.0
20 326 1.0
20 327 1.0
21 262 1.0
22 190 1.0
23 111 1.0
24 91 1.0
24 93 1.0
25 269 1.0
26 406 1.0
26 407 1.0
27 312 1.0
30 114 1.0
30 295 1.0
33 71 1.0
33 72 1.0
33 73 1.0
36 46 1.0
36 58 1.0
36 59 1.0
37 379 1.0
39 309 1.0
43 351 1.0
43 352 1.0
45 255 1.0
46 318 1.0
48 157 1.0
48 158 1.0
48 423 1.0
51 165 1.0
51 166 1.0
51 167 1.0
52 5 1.0
52 124 1.0
52 134 1.0
57 370 1.0
61 114 1.0
61 264 1.0
65 370 1.0
65 371 1.0
69 141 1.0
70 136 1.0
74 4 1.0
74 107 1.0
74 371 1.0
75 174 1.0
75 175 1.0
75 176 1.0
75 177 1.0
76 130 1.0
79 49 1.0
80 1 1.0
81 132 1.0
84 175 1.0
84 176 1.0
84 178 1.0
85 439 1.0
85 440 1.0
86 247 1.0
87 116 1.0
88 130 1.0
88 346 1.0
89 415 1.0
91 74 1.0
91 75 1.0
91 332 1.0
93 103 1.0
94 215 1.0
94 307 1.0
94 309 1.0
94 442 1.0
95 6 1.0
95 26 1.0
95 133 1.0
95 134 1.0
95 135 1.0
95 149 1.0
95 151 1.0
95 152 1.0
95 153 1.0
96 169 1.0
99 406 1.0
99 407 1.0
100 8 1.0
102 208 1.0
104 162 1.0
105 428 1.0
106 413 1.0
108 109 1.0
108 161 1.0
109 44 1.0
109 45 1.0
109 46 1.0
109 47 1.0
110 231 1.0
111 444 1.0
112 32 1.0
114 240 1.0
114 458 1.0
117 489 1.0
118 64 1.0
118 117 1.0
118 118 1.0
120 357 1.0
121 203 1.0
121 204 1.0
122 406 1.0
122 407 1.0
123 407 1.0
124 430 1.0
125 315 1.0
126 31 1.0
