1 18 1.0
2 279 1.0
11 409 1.0
11 462 1.0
14 334 1.0
16 145 1.0
16 293 1.0
16 334 1.0
17 219 1.0
17 334 1.0
17 442 1.0
18 1 1.0
18 23 1.0
18 94 1.0
18 101 1.0
18 174 1.0
18 457 1.0
18 493 1.0
22 486 1.0
23 18 1.0
25 408 1.0
26 57 1.0
26 206 1.0
26 296 1.0
26 318 1.0
26 356 1.0
29 381 1.0
30 75 1.0
30 408 1.0
34 171 1.0
36 417 1.0
37 172 1.0
38 168 1.0
39 494 1.0
41 72 1.0
43 192 1.0
46 48 1.0
46 143 1.0
46 334 1.0
46 446 1.0
47 111 1.0
47 233 1.0
48 46 1.0
48 238 1.0
48 334 1.0
48 454 1.0
48 459 1.0
48 481 1.0
50 477 1.0
51 100 1.0
53 459 1.0
55 194 1.0
57 26 1.0
58 510 1.0
59 208 1.0
59 426 1.0
60 189 1.0
61 397 1.0
62 100 1.0
64 65 1.0
65 64 1.0
66 69 1.0
66 123 1.0
66 247 1.0
67 232 1.0
68 82 1.0
68 147 1.0
69 66 1.0
69 247 1.0
70 345 1.0
70 419 1.0
71 301 1.0
72 41 1.0
73 91 1.0
74 453 1.0
75 30 1.0
77 218 1.0
78 183 1.0
79 99 1.0
79 260 1.0
79 334 1.0
79 456 1.0
79 496 1.0
82 68 1.0
85 509 1.0
86 96 1.0
86 200 1.0
87 95 1.0
87 249 1.0
91 73 1.0
91 505 1.0
92 199 1.0
94 18 1.0
94 392 1.0
95 87 1.0
95 211 1.0
95 249 1.0
95 438 1.0
96 86 1.0
97 107 1.0
97 386 1.0
99 79 1.0
99 334 1.0
100 51 1.0
100 62 1.0
101 18 1.0
104 417 1.0
105 494 1.0
107 97 1.0
107 109 1.0
107 191 1.0
107 200 1.0
107 476 1.0
109 107 1.0
109 476 1.0
111 47 1.0
111 233 1.0
112 165 1.0
120 221 1.0
121 145 1.0
121 334 1.0
122 481 1.0
122 482 1.0
123 66 1.0
124 293 1.0
125 334 1.0
126 219 1.0
