5 165 1.0
5 358 1.0
8 290 1.0
8 366 1.0
11 464 1.0
12 204 1.0
15 434 1.0
16 476 1.0
19 431 1.0
20 159 1.0
21 333 1.0
27 23 1.0
29 463 1.0
33 186 1.0
34 229 1.0
35 156 1.0
37 502 1.0
38 511 1.0
41 6 1.0
47 134 1.0
48 321 1.0
49 391 1.0
50 15 1.0
50 36 1.0
50 48 1.0
50 104 1.0
50 115 1.0
50 120 1.0
50 169 1.0
50 234 1.0
50 235 1.0
50 236 1.0
50 239 1.0
50 243 1.0
50 245 1.0
50 246 1.0
50 251 1.0
50 261 1.0
50 262 1.0
50 263 1.0
50 266 1.0
50 268 1.0
50 269 1.0
50 320 1.0
50 509 1.0
50 510 1.0
52 134 1.0
52 509 1.0
54 45 1.0
54 279 1.0
54 408 1.0
54 409 1.0
54 410 1.0
54 411 1.0
54 412 1.0
54 413 1.0
54 414 1.0
55 329 1.0
56 74 1.0
56 186 1.0
56 204 1.0
58 87 1.0
58 464 1.0
59 66 1.0
59 385 1.0
60 285 1.0
60 332 1.0
60 468 1.0
61 88 1.0
61 249 1.0
62 165 1.0
62 509 1.0
64 61 1.0
67 484 1.0
67 486 1.0
69 312 1.0
70 218 1.0
71 460 1.0
73 262 1.0
76 467 1.0
77 158 1.0
79 165 1.0
79 450 1.0
80 408 1.0
80 414 1.0
81 240 1.0
82 6 1.0
82 398 1.0
85 10 1.0
85 509 1.0
87 165 1.0
92 107 1.0
94 87 1.0
94 104 1.0
94 239 1.0
94 242 1.0
94 246 1.0
95 274 1.0
96 408 1.0
98 267 1.0
99 132 1.0
100 482 1.0
103 84 1.0
104 288 1.0
106 430 1.0
108 70 1.0
108 96 1.0
108 220 1.0
110 47 1.0
110 450 1.0
112 9 1.0
115 17 1.0
116 174 1.0
116 298 1.0
120 47 1.0
123 362 1.0
123 423 1.0
126 498 1.0
127 168 1.0
