0 1 1.0
1 0 1.0
5 6 1.0
5 7 1.0
6 5 1.0
7 5 1.0
10 12 1.0
10 13 1.0
12 10 1.0
13 10 1.0
34 120 1.0
41 49 1.0
42 43 1.0
43 42 1.0
49 41 1.0
55 136 1.0
58 59 1.0
59 58 1.0
64 141 1.0
65 66 1.0
66 65 1.0
70 139 1.0
74 75 1.0
74 76 1.0
75 74 1.0
76 74 1.0
76 133 1.0
94 95 1.0
95 94 1.0
105 106 1.0
106 105 1.0
107 108 1.0
108 107 1.0
110 119 1.0
111 112 1.0
111 113 1.0
111 114 1.0
111 115 1.0
112 111 1.0
113 111 1.0
114 111 1.0
114 115 1.0
115 111 1.0
115 114 1.0
119 110 1.0
119 122 1.0
120 34 1.0
121 123 1.0
122 119 1.0
123 121 1.0
127 128 1.0
