0 121 1.0
1 140 1.0
1 142 1.0
4 504 1.0
9 211 1.0
12 489 1.0
16 458 1.0
17 415 1.0
24 86 1.0
27 94 1.0
29 451 1.0
30 185 1.0
30 226 1.0
32 6 1.0
33 76 1.0
33 186 1.0
33 399 1.0
35 383 1.0
38 350 1.0
38 351 1.0
40 354 1.0
41 84 1.0
41 132 1.0
43 451 1.0
45 221 1.0
48 86 1.0
48 202 1.0
51 198 1.0
54 255 1.0
55 139 1.0
55 259 1.0
55 275 1.0
55 303 1.0
59 68 1.0
59 97 1.0
59 103 1.0
65 31 1.0
65 107 1.0
65 259 1.0
67 28 1.0
69 92 1.0
69 501 1.0
73 46 1.0
73 285 1.0
73 364 1.0
74 32 1.0
74 74 1.0
75 71 1.0
77 147 1.0
79 91 1.0
81 15 1.0
87 330 1.0
88 184 1.0
88 225 1.0
88 231 1.0
88 303 1.0
88 329 1.0
88 339 1.0
89 372 1.0
90 305 1.0
92 386 1.0
93 38 1.0
93 438 1.0
94 74 1.0
94 163 1.0
94 221 1.0
94 422 1.0
95 181 1.0
95 222 1.0
95 224 1.0
95 349 1.0
97 149 1.0
103 96 1.0
104 352 1.0
107 29 1.0
107 459 1.0
109 7 1.0
109 51 1.0
109 98 1.0
110 55 1.0
111 246 1.0
113 28 1.0
113 235 1.0
114 98 1.0
115 461 1.0
118 42 1.0
118 69 1.0
118 330 1.0
119 134 1.0
120 2 1.0
120 304 1.0
121 77 1.0
121 290 1.0
121 468 1.0
