2 292 1.0
4 194 1.0
9 380 1.0
9 477 1.0
18 27 1.0
20 186 1.0
21 83 1.0
21 449 1.0
22 0 1.0
23 247 1.0
31 234 1.0
34 218 1.0
38 329 1.0
44 99 1.0
44 123 1.0
44 127 1.0
49 411 1.0
54 9 1.0
54 494 1.0
55 332 1.0
56 64 1.0
57 166 1.0
62 145 1.0
64 44 1.0
68 67 1.0
71 66 1.0
78 447 1.0
82 16 1.0
82 358 1.0
82 364 1.0
83 111 1.0
85 29 1.0
85 258 1.0
86 194 1.0
87 243 1.0
87 473 1.0
88 243 1.0
91 59 1.0
91 105 1.0
92 357 1.0
94 403 1.0
101 12 1.0
102 12 1.0
107 45 1.0
107 486 1.0
108 14 1.0
108 45 1.0
108 486 1.0
111 428 1.0
113 492 1.0
116 200 1.0
118 492 1.0
119 177 1.0
121 209 1.0
121 361 1.0
122 177 1.0
125 296 1.0
