4 495 1.0
9 63 1.0
11 206 1.0
12 174 1.0
12 206 1.0
13 206 1.0
14 176 1.0
14 180 1.0
14 213 1.0
18 84 1.0
18 207 1.0
19 221 1.0
19 265 1.0
19 268 1.0
21 303 1.0
25 381 1.0
28 63 1.0
32 259 1.0
34 222 1.0
35 481 1.0
43 392 1.0
44 60 1.0
44 185 1.0
45 470 1.0
53 56 1.0
53 256 1.0
53 315 1.0
54 148 1.0
57 72 1.0
59 363 1.0
59 424 1.0
60 229 1.0
63 105 1.0
65 42 1.0
68 31 1.0
68 338 1.0
69 338 1.0
76 405 1.0
77 451 1.0
78 363 1.0
81 148 1.0
109 55 1.0
118 276 1.0
121 375 1.0
123 192 1.0
124 74 1.0
125 74 1.0
126 74 1.0
