2 357 1.0
5 48 1.0
5 312 1.0
6 48 1.0
7 48 1.0
7 441 1.0
8 48 1.0
9 11 1.0
9 48 1.0
9 481 1.0
10 48 1.0
11 48 1.0
12 48 1.0
13 48 1.0
18 38 1.0
18 71 1.0
18 83 1.0
18 97 1.0
18 275 1.0
18 307 1.0
18 324 1.0
21 400 1.0
31 102 1.0
32 159 1.0
32 243 1.0
32 446 1.0
33 159 1.0
34 384 1.0
34 385 1.0
35 385 1.0
36 384 1.0
36 385 1.0
37 46 1.0
37 384 1.0
38 43 1.0
38 489 1.0
41 11 1.0
45 306 1.0
46 180 1.0
47 180 1.0
48 353 1.0
50 179 1.0
56 200 1.0
56 352 1.0
57 463 1.0
59 200 1.0
63 147 1.0
64 311 1.0
73 123 1.0
77 73 1.0
82 82 1.0
87 502 1.0
88 245 1.0
90 285 1.0
94 79 1.0
95 79 1.0
96 79 1.0
97 507 1.0
102 25 1.0
102 125 1.0
102 191 1.0
102 381 1.0
102 455 1.0
102 484 1.0
110 336 1.0
110 454 1.0
112 336 1.0
116 154 1.0
116 450 1.0
116 505 1.0
117 107 1.0
117 147 1.0
118 272 1.0
119 272 1.0
119 344 1.0
120 150 1.0
120 272 1.0
120 314 1.0
121 272 1.0
122 55 1.0
122 335 1.0
122 338 1.0
122 440 1.0
122 461 1.0
122 501 1.0
124 511 1.0
127 200 1.0
127 346 1.0
127 378 1.0
