0 222 1.0
3 121 1.0
5 34 1.0
7 47 1.0
7 96 1.0
9 96 1.0
9 281 1.0
9 456 1.0
14 1 1.0
14 133 1.0
16 144 1.0
18 11 1.0
20 470 1.0
23 188 1.0
23 190 1.0
23 287 1.0
24 190 1.0
24 192 1.0
26 477 1.0
29 445 1.0
31 260 1.0
39 389 1.0
39 434 1.0
40 389 1.0
40 390 1.0
44 139 1.0
46 286 1.0
47 87 1.0
47 169 1.0
47 340 1.0
52 28 1.0
62 87 1.0
63 337 1.0
64 424 1.0
67 376 1.0
68 74 1.0
69 364 1.0
73 382 1.0
82 261 1.0
85 144 1.0
86 146 1.0
89 425 1.0
89 426 1.0
90 28 1.0
90 43 1.0
90 71 1.0
97 207 1.0
101 70 1.0
103 169 1.0
108 30 1.0
108 31 1.0
109 491 1.0
111 134 1.0
111 370 1.0
114 232 1.0
115 426 1.0
118 467 1.0
122 381 1.0
124 437 1.0
127 64 1.0
