2 259 1.0
2 260 1.0
3 258 1.0
3 260 1.0
4 258 1.0
4 259 1.0
6 48 1.0
6 120 1.0
6 246 1.0
7 165 1.0
12 10 1.0
12 204 1.0
14 273 1.0
15 498 1.0
16 274 1.0
17 270 1.0
17 274 1.0
18 40 1.0
18 45 1.0
18 251 1.0
18 272 1.0
18 273 1.0
18 275 1.0
18 276 1.0
18 277 1.0
18 278 1.0
18 279 1.0
18 280 1.0
18 281 1.0
18 282 1.0
18 283 1.0
18 284 1.0
18 285 1.0
18 286 1.0
18 287 1.0
18 333 1.0
19 274 1.0
19 286 1.0
20 274 1.0
20 450 1.0
20 498 1.0
21 274 1.0
22 274 1.0
23 274 1.0
23 414 1.0
24 274 1.0
25 274 1.0
26 274 1.0
27 45 1.0
27 274 1.0
27 412 1.0
28 165 1.0
28 274 1.0
28 337 1.0
29 274 1.0
30 274 1.0
30 275 1.0
31 274 1.0
32 289 1.0
32 290 1.0
33 288 1.0
34 288 1.0
34 291 1.0
34 293 1.0
35 17 1.0
35 290 1.0
35 292 1.0
36 291 1.0
37 290 1.0
37 366 1.0
38 509 1.0
41 298 1.0
42 297 1.0
45 232 1.0
47 119 1.0
50 2 1.0
50 119 1.0
50 443 1.0
50 444 1.0
54 165 1.0
54 331 1.0
56 116 1.0
56 373 1.0
57 80 1.0
57 378 1.0
59 125 1.0
60 165 1.0
60 509 1.0
61 165 1.0
62 165 1.0
63 165 1.0
64 165 1.0
64 509 1.0
65 165 1.0
65 172 1.0
66 165 1.0
67 165 1.0
67 450 1.0
68 165 1.0
69 165 1.0
70 165 1.0
71 165 1.0
72 165 1.0
73 165 1.0
74 165 1.0
75 165 1.0
75 310 1.0
76 165 1.0
77 165 1.0
77 274 1.0
78 165 1.0
78 450 1.0
79 165 1.0
80 165 1.0
81 165 1.0
81 284 1.0
81 450 1.0
82 31 1.0
82 165 1.0
83 165 1.0
83 450 1.0
84 165 1.0
84 450 1.0
85 165 1.0
89 7 1.0
89 422 1.0
92 349 1.0
92 422 1.0
93 348 1.0
94 203 1.0
95 352 1.0
96 201 1.0
96 351 1.0
97 354 1.0
97 355 1.0
97 356 1.0
97 357 1.0
97 498 1.0
97 503 1.0
98 353 1.0
99 353 1.0
99 498 1.0
100 44 1.0
100 133 1.0
100 353 1.0
101 353 1.0
102 119 1.0
102 498 1.0
103 30 1.0
104 361 1.0
105 360 1.0
105 367 1.0
106 177 1.0
107 366 1.0
109 13 1.0
109 418 1.0
110 293 1.0
110 363 1.0
110 367 1.0
110 368 1.0
111 361 1.0
111 366 1.0
111 424 1.0
112 366 1.0
112 424 1.0
113 378 1.0
114 167 1.0
114 371 1.0
114 428 1.0
115 370 1.0
116 141 1.0
117 312 1.0
120 73 1.0
120 168 1.0
122 3 1.0
122 56 1.0
122 138 1.0
122 139 1.0
122 140 1.0
122 313 1.0
122 369 1.0
122 379 1.0
122 380 1.0
122 381 1.0
122 382 1.0
122 383 1.0
122 384 1.0
123 378 1.0
124 378 1.0
125 378 1.0
126 378 1.0
127 378 1.0
