0 253 1.0
0 382 1.0
2 79 1.0
3 61 1.0
4 84 1.0
4 199 1.0
4 216 1.0
5 379 1.0
5 438 1.0
7 29 1.0
7 392 1.0
10 307 1.0
11 373 1.0
17 1 1.0
17 355 1.0
17 359 1.0
21 295 1.0
21 318 1.0
21 423 1.0
22 420 1.0
23 82 1.0
25 64 1.0
26 6 1.0
29 217 1.0
31 461 1.0
37 442 1.0
38 221 1.0
42 461 1.0
43 322 1.0
45 42 1.0
47 53 1.0
53 251 1.0
55 436 1.0
55 500 1.0
56 59 1.0
58 76 1.0
58 503 1.0
61 223 1.0
61 227 1.0
62 265 1.0
62 267 1.0
62 310 1.0
62 481 1.0
63 289 1.0
64 50 1.0
64 457 1.0
65 105 1.0
66 293 1.0
66 451 1.0
67 251 1.0
68 324 1.0
71 27 1.0
71 132 1.0
72 338 1.0
76 91 1.0
88 132 1.0
89 157 1.0
91 389 1.0
93 166 1.0
93 247 1.0
93 282 1.0
93 350 1.0
94 224 1.0
94 239 1.0
94 452 1.0
94 494 1.0
95 189 1.0
95 227 1.0
96 222 1.0
96 239 1.0
96 452 1.0
96 494 1.0
99 189 1.0
99 223 1.0
100 490 1.0
101 319 1.0
101 499 1.0
103 233 1.0
104 68 1.0
105 41 1.0
105 231 1.0
107 28 1.0
111 222 1.0
111 224 1.0
112 445 1.0
116 0 1.0
116 373 1.0
119 221 1.0
120 55 1.0
120 473 1.0
122 347 1.0
123 181 1.0
123 195 1.0
124 284 1.0
125 128 1.0
126 86 1.0
126 333 1.0
127 361 1.0
