0 69 1.0
1 286 1.0
2 286 1.0
3 286 1.0
3 316 1.0
5 500 1.0
6 446 1.0
8 340 1.0
11 147 1.0
13 44 1.0
14 450 1.0
15 450 1.0
16 67 1.0
16 450 1.0
17 450 1.0
18 37 1.0
18 56 1.0
18 64 1.0
18 204 1.0
18 207 1.0
18 278 1.0
18 283 1.0
18 323 1.0
18 450 1.0
18 492 1.0
24 317 1.0
25 221 1.0
26 221 1.0
29 86 1.0
29 91 1.0
29 204 1.0
31 86 1.0
32 133 1.0
34 133 1.0
37 428 1.0
38 377 1.0
39 312 1.0
39 377 1.0
40 377 1.0
41 285 1.0
42 288 1.0
43 386 1.0
44 386 1.0
45 485 1.0
47 467 1.0
48 501 1.0
49 222 1.0
49 224 1.0
49 501 1.0
50 304 1.0
50 501 1.0
51 501 1.0
52 356 1.0
52 501 1.0
53 382 1.0
53 501 1.0
54 501 1.0
55 501 1.0
56 501 1.0
57 501 1.0
58 154 1.0
58 501 1.0
59 181 1.0
59 501 1.0
66 387 1.0
70 414 1.0
71 20 1.0
72 86 1.0
72 357 1.0
74 121 1.0
76 254 1.0
78 86 1.0
81 91 1.0
81 423 1.0
82 210 1.0
83 86 1.0
86 149 1.0
87 66 1.0
87 149 1.0
88 149 1.0
88 241 1.0
89 149 1.0
89 223 1.0
89 227 1.0
90 2 1.0
90 4 1.0
90 149 1.0
91 149 1.0
92 149 1.0
92 342 1.0
93 149 1.0
101 408 1.0
102 24 1.0
102 258 1.0
103 133 1.0
104 29 1.0
104 197 1.0
104 281 1.0
106 133 1.0
106 243 1.0
107 133 1.0
108 133 1.0
109 133 1.0
110 281 1.0
110 332 1.0
111 197 1.0
111 281 1.0
111 328 1.0
115 54 1.0
115 161 1.0
115 162 1.0
115 205 1.0
115 385 1.0
119 433 1.0
120 483 1.0
121 383 1.0
122 84 1.0
122 92 1.0
122 266 1.0
122 267 1.0
122 318 1.0
122 409 1.0
122 443 1.0
124 395 1.0
127 266 1.0
127 267 1.0
