1 465 1.0
2 172 1.0
2 229 1.0
2 393 1.0
4 245 1.0
4 390 1.0
4 486 1.0
5 199 1.0
6 26 1.0
12 177 1.0
13 501 1.0
14 221 1.0
16 216 1.0
16 383 1.0
17 86 1.0
17 254 1.0
19 86 1.0
20 300 1.0
20 365 1.0
21 86 1.0
22 494 1.0
23 234 1.0
23 467 1.0
24 425 1.0
27 290 1.0
27 292 1.0
27 410 1.0
29 339 1.0
29 483 1.0
32 392 1.0
33 61 1.0
34 2 1.0
34 378 1.0
36 415 1.0
37 177 1.0
37 284 1.0
45 488 1.0
46 416 1.0
49 221 1.0
49 482 1.0
52 109 1.0
53 237 1.0
56 183 1.0
56 500 1.0
57 51 1.0
60 360 1.0
61 356 1.0
63 324 1.0
64 212 1.0
64 303 1.0
66 7 1.0
71 92 1.0
71 395 1.0
73 149 1.0
78 12 1.0
78 40 1.0
78 68 1.0
78 97 1.0
78 101 1.0
78 104 1.0
78 114 1.0
78 133 1.0
78 172 1.0
78 174 1.0
78 175 1.0
78 177 1.0
78 196 1.0
78 232 1.0
78 236 1.0
78 242 1.0
78 245 1.0
78 246 1.0
78 252 1.0
78 284 1.0
78 285 1.0
78 307 1.0
78 311 1.0
78 319 1.0
78 341 1.0
78 361 1.0
78 364 1.0
78 370 1.0
78 390 1.0
78 407 1.0
78 417 1.0
78 439 1.0
78 445 1.0
78 458 1.0
78 466 1.0
78 473 1.0
78 487 1.0
80 29 1.0
80 135 1.0
80 392 1.0
81 53 1.0
87 468 1.0
88 190 1.0
90 266 1.0
90 267 1.0
93 6 1.0
93 336 1.0
93 491 1.0
94 236 1.0
101 286 1.0
103 294 1.0
105 202 1.0
105 503 1.0
106 215 1.0
108 222 1.0
108 224 1.0
108 452 1.0
110 344 1.0
112 198 1.0
115 167 1.0
115 436 1.0
117 349 1.0
118 53 1.0
120 374 1.0
121 249 1.0
123 501 1.0
126 410 1.0
