0 66 1.0
3 143 1.0
4 234 1.0
5 243 1.0
5 334 1.0
5 471 1.0
7 243 1.0
7 336 1.0
8 417 1.0
9 147 1.0
9 433 1.0
10 226 1.0
10 462 1.0
13 207 1.0
17 205 1.0
17 230 1.0
21 4 1.0
21 21 1.0
21 329 1.0
29 62 1.0
29 100 1.0
39 371 1.0
41 147 1.0
41 421 1.0
41 422 1.0
42 200 1.0
44 258 1.0
44 334 1.0
46 334 1.0
47 9 1.0
47 147 1.0
47 334 1.0
48 233 1.0
49 145 1.0
49 268 1.0
49 293 1.0
49 334 1.0
54 454 1.0
55 312 1.0
57 56 1.0
62 344 1.0
64 388 1.0
64 459 1.0
66 216 1.0
68 334 1.0
70 368 1.0
71 261 1.0
72 440 1.0
73 20 1.0
74 361 1.0
78 392 1.0
80 417 1.0
81 10 1.0
82 249 1.0
84 320 1.0
85 80 1.0
85 113 1.0
86 509 1.0
87 362 1.0
88 46 1.0
88 272 1.0
89 135 1.0
89 197 1.0
91 255 1.0
93 38 1.0
93 136 1.0
93 168 1.0
93 241 1.0
93 270 1.0
93 305 1.0
94 364 1.0
95 213 1.0
96 364 1.0
97 245 1.0
98 56 1.0
99 213 1.0
101 64 1.0
101 258 1.0
102 459 1.0
103 215 1.0
104 130 1.0
104 334 1.0
105 103 1.0
106 279 1.0
108 79 1.0
108 121 1.0
108 145 1.0
108 334 1.0
108 350 1.0
109 309 1.0
110 417 1.0
111 180 1.0
113 245 1.0
114 334 1.0
114 459 1.0
115 253 1.0
116 445 1.0
116 448 1.0
117 260 1.0
117 334 1.0
118 334 1.0
120 402 1.0
120 489 1.0
121 377 1.0
121 419 1.0
124 334 1.0
125 123 1.0
126 273 1.0
