1 209 1.0
2 63 1.0
4 483 1.0
7 205 1.0
8 205 1.0
9 205 1.0
10 205 1.0
14 192 1.0
14 403 1.0
15 13 1.0
16 17 1.0
16 43 1.0
17 499 1.0
18 53 1.0
18 260 1.0
18 388 1.0
18 503 1.0
30 418 1.0
31 133 1.0
32 78 1.0
32 183 1.0
32 506 1.0
33 78 1.0
37 451 1.0
38 451 1.0
44 145 1.0
47 212 1.0
48 335 1.0
50 32 1.0
53 346 1.0
59 336 1.0
60 145 1.0
63 106 1.0
66 460 1.0
67 93 1.0
67 500 1.0
69 68 1.0
69 82 1.0
69 297 1.0
71 14 1.0
71 192 1.0
75 226 1.0
76 276 1.0
77 341 1.0
82 130 1.0
83 130 1.0
86 111 1.0
86 233 1.0
87 341 1.0
88 404 1.0
88 405 1.0
88 460 1.0
92 178 1.0
92 404 1.0
96 202 1.0
99 2 1.0
101 177 1.0
102 135 1.0
103 162 1.0
104 283 1.0
106 233 1.0
121 344 1.0
121 446 1.0
122 112 1.0
124 225 1.0
126 225 1.0
