3 56 1.0
3 132 1.0
5 48 1.0
5 481 1.0
8 389 1.0
10 200 1.0
10 346 1.0
11 200 1.0
11 346 1.0
15 37 1.0
15 119 1.0
20 7 1.0
21 216 1.0
24 464 1.0
26 136 1.0
28 79 1.0
28 293 1.0
28 334 1.0
29 334 1.0
30 357 1.0
33 446 1.0
34 283 1.0
36 283 1.0
38 359 1.0
39 202 1.0
41 91 1.0
42 44 1.0
44 276 1.0
44 389 1.0
46 134 1.0
47 150 1.0
47 320 1.0
51 334 1.0
55 145 1.0
55 334 1.0
59 15 1.0
63 334 1.0
65 106 1.0
67 97 1.0
67 110 1.0
68 107 1.0
68 319 1.0
69 398 1.0
70 107 1.0
80 349 1.0
82 440 1.0
83 285 1.0
85 145 1.0
85 334 1.0
86 73 1.0
88 366 1.0
89 73 1.0
89 222 1.0
91 6 1.0
91 175 1.0
92 403 1.0
92 503 1.0
93 373 1.0
95 136 1.0
96 41 1.0
98 25 1.0
99 205 1.0
99 228 1.0
100 171 1.0
100 317 1.0
100 502 1.0
101 416 1.0
102 95 1.0
103 205 1.0
104 316 1.0
104 389 1.0
105 334 1.0
105 455 1.0
108 334 1.0
109 152 1.0
109 153 1.0
109 276 1.0
109 389 1.0
113 131 1.0
113 175 1.0
114 334 1.0
117 15 1.0
118 376 1.0
120 451 1.0
122 245 1.0
122 290 1.0
125 27 1.0
127 163 1.0
127 272 1.0
