2 437 1.0
3 316 1.0
6 85 1.0
7 150 1.0
8 263 1.0
10 102 1.0
17 18 1.0
17 19 1.0
18 17 1.0
18 74 1.0
19 17 1.0
21 22 1.0
22 21 1.0
24 134 1.0
26 133 1.0
26 229 1.0
27 28 1.0
27 29 1.0
27 43 1.0
28 27 1.0
28 29 1.0
29 27 1.0
29 28 1.0
35 120 1.0
37 41 1.0
38 46 1.0
41 37 1.0
43 27 1.0
46 38 1.0
46 58 1.0
47 97 1.0
47 281 1.0
47 456 1.0
49 50 1.0
50 49 1.0
51 377 1.0
52 53 1.0
53 52 1.0
54 337 1.0
55 337 1.0
58 46 1.0
61 62 1.0
62 61 1.0
64 388 1.0
65 402 1.0
66 461 1.0
66 471 1.0
67 69 1.0
67 471 1.0
69 67 1.0
69 70 1.0
70 69 1.0
73 74 1.0
74 18 1.0
74 73 1.0
74 75 1.0
75 74 1.0
75 332 1.0
76 77 1.0
76 78 1.0
76 79 1.0
77 76 1.0
77 78 1.0
78 76 1.0
78 77 1.0
79 76 1.0
79 82 1.0
80 81 1.0
81 80 1.0
82 79 1.0
82 201 1.0
83 85 1.0
83 134 1.0
85 6 1.0
85 83 1.0
85 134 1.0
87 234 1.0
91 92 1.0
91 93 1.0
92 91 1.0
93 91 1.0
93 94 1.0
94 93 1.0
96 97 1.0
96 281 1.0
96 283 1.0
96 456 1.0
97 47 1.0
97 96 1.0
98 99 1.0
98 100 1.0
99 98 1.0
99 438 1.0
100 98 1.0
102 10 1.0
103 375 1.0
104 337 1.0
105 107 1.0
107 105 1.0
107 245 1.0
107 246 1.0
107 247 1.0
109 110 1.0
109 111 1.0
109 112 1.0
110 109 1.0
111 109 1.0
111 112 1.0
112 109 1.0
112 111 1.0
112 113 1.0
113 112 1.0
114 115 1.0
115 114 1.0
116 169 1.0
116 234 1.0
120 35 1.0
120 121 1.0
121 120 1.0
122 123 1.0
123 122 1.0
124 134 1.0
125 126 1.0
126 125 1.0
127 128 1.0
