1 80 1.0
2 89 1.0
3 117 1.0
4 365 1.0
7 364 1.0
8 472 1.0
13 8 1.0
13 321 1.0
13 418 1.0
14 279 1.0
15 166 1.0
17 374 1.0
21 160 1.0
23 32 1.0
23 242 1.0
23 270 1.0
23 304 1.0
23 502 1.0
25 8 1.0
25 101 1.0
26 67 1.0
28 84 1.0
29 502 1.0
30 33 1.0
30 442 1.0
33 109 1.0
34 328 1.0
38 306 1.0
41 185 1.0
41 201 1.0
44 88 1.0
44 415 1.0
46 306 1.0
46 350 1.0
48 279 1.0
50 103 1.0
50 109 1.0
50 112 1.0
50 124 1.0
50 126 1.0
50 138 1.0
50 139 1.0
50 153 1.0
50 236 1.0
50 294 1.0
50 302 1.0
50 308 1.0
50 329 1.0
50 350 1.0
50 417 1.0
50 426 1.0
50 452 1.0
50 476 1.0
50 487 1.0
52 306 1.0
52 350 1.0
53 383 1.0
54 150 1.0
54 352 1.0
55 343 1.0
59 408 1.0
59 423 1.0
60 143 1.0
62 109 1.0
64 348 1.0
65 269 1.0
66 228 1.0
67 55 1.0
67 162 1.0
67 498 1.0
70 154 1.0
72 290 1.0
73 306 1.0
74 91 1.0
76 2 1.0
78 95 1.0
87 311 1.0
88 389 1.0
88 441 1.0
91 81 1.0
91 408 1.0
91 423 1.0
92 320 1.0
93 419 1.0
93 465 1.0
94 302 1.0
94 306 1.0
94 308 1.0
94 406 1.0
96 310 1.0
97 202 1.0
100 211 1.0
100 498 1.0
103 389 1.0
108 154 1.0
108 263 1.0
109 260 1.0
112 428 1.0
113 385 1.0
114 128 1.0
117 6 1.0
118 273 1.0
118 413 1.0
120 220 1.0
122 148 1.0
123 119 1.0
123 132 1.0
124 477 1.0
125 148 1.0
126 191 1.0
127 309 1.0
