0 69 1.0
1 315 1.0
6 69 1.0
7 146 1.0
7 305 1.0
7 405 1.0
11 507 1.0
12 402 1.0
13 251 1.0
13 507 1.0
14 338 1.0
16 402 1.0
16 507 1.0
19 19 1.0
20 402 1.0
20 507 1.0
21 507 1.0
22 150 1.0
24 310 1.0
24 336 1.0
24 352 1.0
25 310 1.0
26 310 1.0
27 310 1.0
28 310 1.0
29 310 1.0
30 310 1.0
30 336 1.0
33 458 1.0
39 119 1.0
39 132 1.0
39 379 1.0
44 248 1.0
44 463 1.0
45 39 1.0
46 94 1.0
46 362 1.0
46 443 1.0
46 463 1.0
47 275 1.0
50 271 1.0
53 32 1.0
53 252 1.0
53 490 1.0
53 504 1.0
56 147 1.0
56 502 1.0
57 436 1.0
58 249 1.0
58 436 1.0
58 478 1.0
59 436 1.0
60 436 1.0
61 436 1.0
61 490 1.0
62 130 1.0
62 436 1.0
63 55 1.0
63 438 1.0
64 438 1.0
65 437 1.0
65 438 1.0
66 2 1.0
66 45 1.0
66 68 1.0
66 71 1.0
66 151 1.0
66 160 1.0
66 179 1.0
66 201 1.0
66 215 1.0
66 232 1.0
66 335 1.0
66 366 1.0
66 391 1.0
66 460 1.0
66 476 1.0
68 396 1.0
69 460 1.0
74 169 1.0
76 8 1.0
76 327 1.0
78 109 1.0
78 191 1.0
79 285 1.0
80 160 1.0
80 267 1.0
80 314 1.0
81 91 1.0
81 429 1.0
81 503 1.0
83 185 1.0
83 332 1.0
84 180 1.0
84 316 1.0
89 160 1.0
90 88 1.0
90 118 1.0
90 161 1.0
91 25 1.0
91 88 1.0
92 88 1.0
92 272 1.0
93 88 1.0
93 471 1.0
94 88 1.0
94 415 1.0
95 88 1.0
96 88 1.0
97 88 1.0
97 130 1.0
98 76 1.0
98 356 1.0
100 55 1.0
100 323 1.0
101 55 1.0
101 65 1.0
101 239 1.0
102 323 1.0
102 454 1.0
104 478 1.0
105 149 1.0
106 487 1.0
109 472 1.0
110 118 1.0
114 14 1.0
114 49 1.0
114 86 1.0
114 141 1.0
114 158 1.0
114 224 1.0
114 382 1.0
114 417 1.0
117 180 1.0
118 293 1.0
120 33 1.0
121 48 1.0
121 429 1.0
123 429 1.0
124 429 1.0
125 109 1.0
125 126 1.0
125 133 1.0
125 139 1.0
125 153 1.0
125 215 1.0
125 236 1.0
125 306 1.0
125 308 1.0
125 318 1.0
125 341 1.0
126 236 1.0
126 306 1.0
126 484 1.0
127 294 1.0
