2 306 1.0
3 378 1.0
4 92 1.0
6 41 1.0
6 71 1.0
6 395 1.0
6 399 1.0
6 400 1.0
6 403 1.0
6 404 1.0
6 405 1.0
6 406 1.0
6 407 1.0
7 345 1.0
7 493 1.0
10 268 1.0
13 365 1.0
16 242 1.0
17 291 1.0
18 121 1.0
19 417 1.0
22 450 1.0
24 87 1.0
25 87 1.0
26 229 1.0
28 236 1.0
28 250 1.0
30 196 1.0
30 359 1.0
31 118 1.0
31 338 1.0
32 193 1.0
33 430 1.0
36 240 1.0
38 450 1.0
40 274 1.0
41 6 1.0
43 493 1.0
44 356 1.0
45 274 1.0
45 283 1.0
47 459 1.0
47 489 1.0
48 262 1.0
49 117 1.0
53 209 1.0
56 378 1.0
65 214 1.0
69 414 1.0
71 6 1.0
73 254 1.0
73 255 1.0
73 376 1.0
78 135 1.0
78 498 1.0
79 129 1.0
80 313 1.0
82 253 1.0
87 24 1.0
87 25 1.0
87 231 1.0
87 232 1.0
87 233 1.0
87 234 1.0
87 235 1.0
87 236 1.0
87 237 1.0
87 238 1.0
87 239 1.0
87 240 1.0
87 241 1.0
87 242 1.0
87 243 1.0
87 244 1.0
87 245 1.0
87 246 1.0
87 247 1.0
87 248 1.0
88 169 1.0
88 241 1.0
88 242 1.0
88 243 1.0
88 244 1.0
88 249 1.0
88 250 1.0
88 251 1.0
88 252 1.0
89 193 1.0
91 204 1.0
92 4 1.0
92 99 1.0
92 485 1.0
93 123 1.0
93 175 1.0
96 220 1.0
99 92 1.0
100 165 1.0
101 437 1.0
103 152 1.0
115 509 1.0
116 312 1.0
116 436 1.0
117 49 1.0
118 31 1.0
118 416 1.0
118 498 1.0
119 303 1.0
119 306 1.0
119 358 1.0
120 262 1.0
121 18 1.0
122 482 1.0
123 93 1.0
125 315 1.0
126 130 1.0
