0 186 1.0
1 119 1.0
1 441 1.0
2 118 1.0
6 216 1.0
6 219 1.0
6 251 1.0
6 297 1.0
6 338 1.0
6 402 1.0
9 368 1.0
10 341 1.0
12 171 1.0
13 119 1.0
15 126 1.0
15 306 1.0
16 36 1.0
17 371 1.0
19 458 1.0
23 283 1.0
24 18 1.0
24 505 1.0
25 102 1.0
32 154 1.0
33 450 1.0
36 236 1.0
36 306 1.0
39 473 1.0
41 411 1.0
43 47 1.0
44 95 1.0
44 456 1.0
45 310 1.0
46 44 1.0
47 366 1.0
47 376 1.0
48 306 1.0
49 89 1.0
50 173 1.0
53 101 1.0
57 144 1.0
57 145 1.0
57 213 1.0
58 31 1.0
61 320 1.0
61 432 1.0
63 110 1.0
66 6 1.0
66 95 1.0
66 100 1.0
66 315 1.0
68 46 1.0
70 364 1.0
74 244 1.0
74 312 1.0
78 210 1.0
80 56 1.0
80 118 1.0
80 412 1.0
80 447 1.0
82 429 1.0
83 392 1.0
84 359 1.0
86 124 1.0
87 102 1.0
87 112 1.0
87 126 1.0
87 133 1.0
87 139 1.0
87 153 1.0
87 314 1.0
87 350 1.0
87 384 1.0
87 452 1.0
87 459 1.0
88 109 1.0
88 317 1.0
88 384 1.0
88 409 1.0
90 210 1.0
91 59 1.0
92 65 1.0
92 95 1.0
92 142 1.0
93 5 1.0
96 16 1.0
96 364 1.0
98 39 1.0
98 82 1.0
100 24 1.0
103 177 1.0
104 36 1.0
104 306 1.0
104 350 1.0
106 439 1.0
107 348 1.0
108 415 1.0
111 108 1.0
113 94 1.0
114 107 1.0
115 306 1.0
116 498 1.0
117 43 1.0
117 89 1.0
119 11 1.0
119 149 1.0
120 306 1.0
122 88 1.0
123 5 1.0
125 109 1.0
125 454 1.0
126 48 1.0
