0 437 1.0
3 251 1.0
3 416 1.0
4 249 1.0
5 40 1.0
9 155 1.0
9 403 1.0
10 31 1.0
12 403 1.0
20 502 1.0
26 257 1.0
26 258 1.0
42 311 1.0
43 109 1.0
43 112 1.0
46 134 1.0
46 171 1.0
47 376 1.0
47 405 1.0
48 23 1.0
49 8 1.0
50 233 1.0
50 357 1.0
52 228 1.0
54 69 1.0
54 309 1.0
56 371 1.0
59 437 1.0
64 48 1.0
75 69 1.0
77 261 1.0
82 452 1.0
82 453 1.0
86 208 1.0
97 82 1.0
98 82 1.0
99 82 1.0
102 69 1.0
102 70 1.0
107 443 1.0
107 462 1.0
109 236 1.0
109 238 1.0
111 221 1.0
114 11 1.0
117 257 1.0
119 505 1.0
120 54 1.0
120 55 1.0
120 356 1.0
122 340 1.0
125 409 1.0
