0 465 1.0
1 146 1.0
2 92 1.0
3 297 1.0
7 446 1.0
8 132 1.0
8 379 1.0
9 389 1.0
13 445 1.0
14 139 1.0
14 239 1.0
14 306 1.0
15 33 1.0
17 220 1.0
18 150 1.0
24 316 1.0
31 17 1.0
32 327 1.0
34 380 1.0
34 477 1.0
38 94 1.0
39 451 1.0
40 246 1.0
54 93 1.0
54 437 1.0
55 328 1.0
59 175 1.0
60 492 1.0
62 306 1.0
67 29 1.0
67 43 1.0
67 203 1.0
67 258 1.0
67 375 1.0
68 257 1.0
70 415 1.0
74 16 1.0
74 364 1.0
74 466 1.0
75 107 1.0
77 115 1.0
77 176 1.0
77 252 1.0
77 277 1.0
77 306 1.0
77 454 1.0
84 121 1.0
94 310 1.0
95 307 1.0
96 496 1.0
100 368 1.0
100 428 1.0
101 182 1.0
101 183 1.0
103 346 1.0
104 281 1.0
105 12 1.0
106 141 1.0
107 363 1.0
113 306 1.0
114 443 1.0
117 69 1.0
117 181 1.0
117 334 1.0
117 471 1.0
117 506 1.0
117 510 1.0
120 4 1.0
124 180 1.0
124 218 1.0
126 132 1.0
126 379 1.0
