0 83 1.0
0 470 1.0
0 504 1.0
1 132 1.0
2 225 1.0
4 13 1.0
5 13 1.0
6 13 1.0
6 346 1.0
7 13 1.0
10 244 1.0
10 389 1.0
11 244 1.0
13 335 1.0
16 25 1.0
19 82 1.0
19 151 1.0
21 222 1.0
21 224 1.0
21 453 1.0
22 239 1.0
22 452 1.0
23 32 1.0
23 168 1.0
23 219 1.0
23 389 1.0
25 40 1.0
26 222 1.0
26 224 1.0
26 239 1.0
27 219 1.0
29 276 1.0
31 467 1.0
34 352 1.0
36 196 1.0
36 198 1.0
37 198 1.0
40 196 1.0
45 311 1.0
48 71 1.0
49 71 1.0
51 122 1.0
52 297 1.0
53 89 1.0
53 297 1.0
54 94 1.0
54 426 1.0
57 124 1.0
59 100 1.0
59 164 1.0
60 293 1.0
62 115 1.0
62 194 1.0
64 451 1.0
71 460 1.0
72 325 1.0
72 344 1.0
72 484 1.0
84 17 1.0
85 206 1.0
86 503 1.0
87 503 1.0
89 472 1.0
92 221 1.0
100 356 1.0
101 222 1.0
101 327 1.0
102 338 1.0
103 53 1.0
104 326 1.0
106 304 1.0
107 63 1.0
109 477 1.0
111 98 1.0
111 314 1.0
112 98 1.0
113 72 1.0
113 111 1.0
115 203 1.0
115 221 1.0
117 409 1.0
119 385 1.0
125 221 1.0
126 221 1.0
127 221 1.0
