0 99 1.0
2 333 1.0
5 284 1.0
7 88 1.0
7 89 1.0
15 92 1.0
16 8 1.0
17 270 1.0
17 271 1.0
17 272 1.0
18 141 1.0
18 243 1.0
18 271 1.0
18 272 1.0
18 273 1.0
19 84 1.0
20 438 1.0
20 465 1.0
21 35 1.0
26 64 1.0
28 138 1.0
28 139 1.0
28 254 1.0
28 297 1.0
28 298 1.0
28 299 1.0
28 300 1.0
28 301 1.0
29 360 1.0
31 85 1.0
33 205 1.0
34 112 1.0
38 190 1.0
39 190 1.0
40 29 1.0
41 33 1.0
41 274 1.0
44 265 1.0
44 266 1.0
45 317 1.0
46 396 1.0
48 398 1.0
52 398 1.0
57 428 1.0
60 167 1.0
60 168 1.0
61 286 1.0
61 365 1.0
62 120 1.0
64 209 1.0
64 507 1.0
71 276 1.0
74 317 1.0
74 318 1.0
75 173 1.0
76 341 1.0
76 342 1.0
76 343 1.0
76 344 1.0
78 259 1.0
78 395 1.0
78 396 1.0
78 397 1.0
79 65 1.0
79 402 1.0
85 398 1.0
93 403 1.0
94 418 1.0
97 127 1.0
101 444 1.0
104 277 1.0
106 32 1.0
112 30 1.0
112 276 1.0
113 95 1.0
114 279 1.0
115 270 1.0
117 59 1.0
118 278 1.0
120 48 1.0
123 95 1.0
