0 395 1.0
4 41 1.0
6 119 1.0
7 468 1.0
11 55 1.0
12 1 1.0
12 470 1.0
14 1 1.0
15 306 1.0
15 487 1.0
16 306 1.0
16 350 1.0
17 357 1.0
19 77 1.0
19 354 1.0
20 139 1.0
21 97 1.0
21 344 1.0
25 332 1.0
25 397 1.0
26 279 1.0
27 456 1.0
28 436 1.0
30 267 1.0
31 441 1.0
31 451 1.0
32 376 1.0
35 94 1.0
36 410 1.0
38 377 1.0
47 173 1.0
47 290 1.0
47 480 1.0
48 492 1.0
50 311 1.0
53 95 1.0
53 334 1.0
55 407 1.0
56 88 1.0
56 277 1.0
57 30 1.0
58 33 1.0
58 286 1.0
58 442 1.0
61 129 1.0
64 389 1.0
65 429 1.0
70 51 1.0
71 252 1.0
71 414 1.0
71 496 1.0
74 48 1.0
74 148 1.0
78 437 1.0
78 438 1.0
79 302 1.0
79 303 1.0
79 306 1.0
80 371 1.0
80 392 1.0
83 9 1.0
85 440 1.0
86 177 1.0
90 398 1.0
92 263 1.0
92 296 1.0
92 364 1.0
93 45 1.0
93 94 1.0
93 218 1.0
93 377 1.0
93 383 1.0
93 401 1.0
93 435 1.0
94 95 1.0
94 408 1.0
96 95 1.0
97 88 1.0
97 415 1.0
98 30 1.0
98 405 1.0
99 393 1.0
100 141 1.0
103 88 1.0
103 160 1.0
104 223 1.0
105 160 1.0
105 366 1.0
106 281 1.0
107 113 1.0
107 282 1.0
108 274 1.0
109 274 1.0
116 172 1.0
116 240 1.0
116 256 1.0
116 433 1.0
118 111 1.0
126 316 1.0
127 54 1.0
