0 67 1.0
0 232 1.0
0 358 1.0
2 285 1.0
5 364 1.0
6 115 1.0
6 261 1.0
6 491 1.0
9 107 1.0
9 109 1.0
9 476 1.0
10 255 1.0
11 448 1.0
13 371 1.0
18 96 1.0
19 309 1.0
21 364 1.0
22 18 1.0
27 255 1.0
31 176 1.0
32 459 1.0
33 480 1.0
35 41 1.0
36 368 1.0
38 177 1.0
42 387 1.0
42 435 1.0
44 124 1.0
44 145 1.0
44 293 1.0
45 124 1.0
45 293 1.0
51 245 1.0
51 375 1.0
52 372 1.0
52 477 1.0
56 352 1.0
58 491 1.0
61 216 1.0
64 133 1.0
64 419 1.0
64 506 1.0
65 167 1.0
65 479 1.0
67 83 1.0
67 479 1.0
71 62 1.0
71 301 1.0
72 47 1.0
72 111 1.0
72 114 1.0
72 231 1.0
72 233 1.0
72 342 1.0
72 437 1.0
73 233 1.0
74 114 1.0
74 236 1.0
75 134 1.0
76 134 1.0
78 122 1.0
82 266 1.0
83 395 1.0
83 412 1.0
84 393 1.0
84 395 1.0
85 450 1.0
86 119 1.0
88 80 1.0
89 298 1.0
89 300 1.0
90 371 1.0
91 371 1.0
92 136 1.0
92 254 1.0
93 391 1.0
94 330 1.0
94 390 1.0
95 417 1.0
96 417 1.0
97 417 1.0
98 346 1.0
98 417 1.0
98 503 1.0
99 104 1.0
99 417 1.0
100 91 1.0
102 335 1.0
104 107 1.0
105 107 1.0
106 107 1.0
106 327 1.0
107 107 1.0
107 358 1.0
114 78 1.0
114 183 1.0
115 241 1.0
117 511 1.0
118 117 1.0
119 86 1.0
120 110 1.0
124 172 1.0
