0 244 1.0
1 452 1.0
2 451 1.0
5 361 1.0
7 220 1.0
8 332 1.0
10 66 1.0
10 297 1.0
11 158 1.0
14 326 1.0
15 126 1.0
17 334 1.0
18 236 1.0
18 237 1.0
19 293 1.0
21 41 1.0
21 184 1.0
21 461 1.0
23 154 1.0
23 326 1.0
25 234 1.0
25 488 1.0
26 235 1.0
28 71 1.0
30 186 1.0
32 106 1.0
34 55 1.0
34 175 1.0
40 220 1.0
41 86 1.0
41 387 1.0
42 95 1.0
44 122 1.0
46 207 1.0
47 207 1.0
50 7 1.0
50 30 1.0
50 42 1.0
50 61 1.0
50 69 1.0
50 96 1.0
50 143 1.0
50 144 1.0
50 207 1.0
50 375 1.0
50 398 1.0
50 446 1.0
50 461 1.0
50 497 1.0
51 479 1.0
54 363 1.0
54 380 1.0
54 478 1.0
55 178 1.0
60 86 1.0
60 254 1.0
60 333 1.0
60 408 1.0
62 51 1.0
68 315 1.0
69 275 1.0
71 416 1.0
72 439 1.0
76 153 1.0
78 181 1.0
78 501 1.0
83 301 1.0
84 72 1.0
85 101 1.0
88 149 1.0
88 342 1.0
89 321 1.0
90 487 1.0
91 13 1.0
94 144 1.0
98 147 1.0
101 145 1.0
107 491 1.0
108 220 1.0
108 307 1.0
108 458 1.0
110 41 1.0
110 233 1.0
112 484 1.0
115 208 1.0
116 114 1.0
118 334 1.0
119 451 1.0
120 160 1.0
121 166 1.0
121 221 1.0
122 90 1.0
123 392 1.0
123 510 1.0
124 418 1.0
127 221 1.0
