1 128 1.0
1 132 1.0
1 386 1.0
1 470 1.0
3 31 1.0
5 18 1.0
5 255 1.0
6 260 1.0
6 334 1.0
8 288 1.0
8 336 1.0
9 258 1.0
9 459 1.0
11 327 1.0
15 27 1.0
15 510 1.0
19 11 1.0
20 2 1.0
22 74 1.0
23 334 1.0
26 283 1.0
26 382 1.0
29 198 1.0
31 292 1.0
32 302 1.0
33 334 1.0
35 409 1.0
37 14 1.0
40 43 1.0
41 156 1.0
41 280 1.0
47 172 1.0
49 48 1.0
49 488 1.0
52 371 1.0
55 334 1.0
58 88 1.0
59 458 1.0
61 130 1.0
61 334 1.0
62 48 1.0
66 38 1.0
67 70 1.0
67 117 1.0
67 133 1.0
67 393 1.0
67 419 1.0
68 364 1.0
73 459 1.0
74 334 1.0
77 48 1.0
77 118 1.0
78 472 1.0
80 407 1.0
81 257 1.0
82 334 1.0
83 279 1.0
83 479 1.0
84 343 1.0
85 135 1.0
85 197 1.0
86 67 1.0
86 232 1.0
86 434 1.0
88 44 1.0
89 49 1.0
89 125 1.0
89 334 1.0
91 151 1.0
93 483 1.0
94 30 1.0
98 195 1.0
98 305 1.0
99 285 1.0
100 111 1.0
100 233 1.0
102 79 1.0
102 260 1.0
102 407 1.0
103 334 1.0
104 301 1.0
107 349 1.0
108 465 1.0
110 278 1.0
111 130 1.0
112 392 1.0
116 312 1.0
117 96 1.0
117 269 1.0
117 379 1.0
117 440 1.0
117 497 1.0
119 44 1.0
119 119 1.0
119 361 1.0
119 401 1.0
119 428 1.0
119 457 1.0
119 495 1.0
120 232 1.0
121 451 1.0
123 433 1.0
126 144 1.0
126 252 1.0
