4 396 1.0
6 48 1.0
9 190 1.0
10 267 1.0
11 190 1.0
11 266 1.0
15 126 1.0
15 381 1.0
16 448 1.0
18 435 1.0
26 221 1.0
26 351 1.0
27 91 1.0
28 252 1.0
29 288 1.0
31 449 1.0
32 285 1.0
32 308 1.0
32 377 1.0
33 191 1.0
35 16 1.0
37 194 1.0
37 451 1.0
39 149 1.0
40 126 1.0
40 412 1.0
41 36 1.0
43 343 1.0
43 388 1.0
46 381 1.0
51 138 1.0
52 288 1.0
52 377 1.0
54 190 1.0
58 98 1.0
62 149 1.0
63 229 1.0
63 499 1.0
66 171 1.0
66 364 1.0
68 7 1.0
68 196 1.0
68 501 1.0
70 356 1.0
71 453 1.0
75 36 1.0
77 86 1.0
77 254 1.0
80 473 1.0
81 65 1.0
82 200 1.0
86 345 1.0
86 423 1.0
87 299 1.0
89 342 1.0
91 250 1.0
94 221 1.0
95 282 1.0
99 145 1.0
99 359 1.0
100 326 1.0
100 476 1.0
101 86 1.0
102 65 1.0
103 145 1.0
103 355 1.0
105 255 1.0
107 402 1.0
108 46 1.0
108 322 1.0
110 373 1.0
112 461 1.0
112 501 1.0
115 97 1.0
115 117 1.0
115 421 1.0
117 139 1.0
117 244 1.0
117 366 1.0
118 110 1.0
119 398 1.0
120 102 1.0
121 288 1.0
121 308 1.0
123 133 1.0
125 126 1.0
125 271 1.0
125 302 1.0
125 399 1.0
126 128 1.0
