0 221 1.0
4 19 1.0
5 482 1.0
5 509 1.0
9 361 1.0
10 255 1.0
15 183 1.0
22 366 1.0
23 187 1.0
26 349 1.0
31 115 1.0
35 331 1.0
37 268 1.0
43 32 1.0
44 64 1.0
47 65 1.0
47 337 1.0
47 394 1.0
48 65 1.0
49 65 1.0
49 394 1.0
50 65 1.0
52 163 1.0
52 422 1.0
54 119 1.0
55 175 1.0
55 285 1.0
56 94 1.0
57 94 1.0
60 155 1.0
61 104 1.0
61 458 1.0
61 486 1.0
62 174 1.0
63 253 1.0
63 382 1.0
68 175 1.0
72 271 1.0
72 301 1.0
72 399 1.0
74 506 1.0
78 302 1.0
79 76 1.0
79 296 1.0
79 302 1.0
79 381 1.0
79 412 1.0
81 483 1.0
82 373 1.0
83 126 1.0
84 39 1.0
84 216 1.0
84 433 1.0
88 23 1.0
90 88 1.0
90 212 1.0
91 212 1.0
95 451 1.0
96 451 1.0
97 451 1.0
98 269 1.0
99 324 1.0
101 304 1.0
102 11 1.0
103 61 1.0
103 131 1.0
105 204 1.0
111 403 1.0
114 60 1.0
116 128 1.0
117 245 1.0
118 335 1.0
119 6 1.0
126 58 1.0
