0 306 1.0
1 80 1.0
1 142 1.0
4 74 1.0
5 52 1.0
6 95 1.0
6 456 1.0
8 100 1.0
8 408 1.0
11 146 1.0
11 405 1.0
15 327 1.0
16 327 1.0
26 95 1.0
27 14 1.0
28 180 1.0
28 218 1.0
29 14 1.0
29 486 1.0
30 236 1.0
30 306 1.0
31 126 1.0
31 236 1.0
32 112 1.0
32 306 1.0
32 487 1.0
33 484 1.0
34 18 1.0
34 133 1.0
35 367 1.0
35 505 1.0
36 306 1.0
36 350 1.0
36 409 1.0
37 306 1.0
37 350 1.0
38 306 1.0
39 306 1.0
40 306 1.0
41 306 1.0
41 350 1.0
42 306 1.0
42 350 1.0
43 218 1.0
43 306 1.0
44 109 1.0
45 109 1.0
46 36 1.0
46 109 1.0
46 441 1.0
47 109 1.0
47 135 1.0
49 79 1.0
51 490 1.0
57 490 1.0
58 36 1.0
59 36 1.0
59 399 1.0
64 118 1.0
64 255 1.0
66 386 1.0
67 386 1.0
68 356 1.0
69 386 1.0
70 229 1.0
71 33 1.0
71 218 1.0
72 33 1.0
72 442 1.0
73 33 1.0
74 91 1.0
74 196 1.0
74 332 1.0
75 91 1.0
75 330 1.0
82 430 1.0
85 276 1.0
85 434 1.0
87 175 1.0
87 190 1.0
91 24 1.0
92 17 1.0
93 24 1.0
95 303 1.0
96 135 1.0
96 137 1.0
97 18 1.0
98 374 1.0
98 509 1.0
99 374 1.0
99 455 1.0
100 509 1.0
101 374 1.0
103 93 1.0
107 74 1.0
107 280 1.0
108 324 1.0
109 108 1.0
111 23 1.0
114 30 1.0
114 61 1.0
116 87 1.0
117 118 1.0
117 279 1.0
118 118 1.0
121 131 1.0
124 52 1.0
127 4 1.0
