3 55 1.0
3 65 1.0
7 171 1.0
7 180 1.0
8 402 1.0
13 218 1.0
14 245 1.0
19 55 1.0
19 325 1.0
19 438 1.0
22 171 1.0
22 180 1.0
22 482 1.0
23 180 1.0
24 218 1.0
26 429 1.0
29 73 1.0
34 121 1.0
37 275 1.0
38 403 1.0
41 266 1.0
44 251 1.0
44 507 1.0
45 339 1.0
47 55 1.0
47 88 1.0
48 120 1.0
48 436 1.0
48 483 1.0
49 90 1.0
49 155 1.0
49 156 1.0
49 220 1.0
49 221 1.0
50 415 1.0
51 154 1.0
51 364 1.0
53 222 1.0
55 481 1.0
58 490 1.0
59 324 1.0
60 444 1.0
63 136 1.0
65 178 1.0
65 207 1.0
65 345 1.0
66 131 1.0
70 242 1.0
70 270 1.0
70 279 1.0
71 485 1.0
73 88 1.0
74 87 1.0
74 118 1.0
74 161 1.0
75 505 1.0
76 264 1.0
76 472 1.0
77 316 1.0
78 273 1.0
78 374 1.0
80 228 1.0
81 394 1.0
83 88 1.0
83 415 1.0
86 203 1.0
86 344 1.0
86 470 1.0
89 203 1.0
89 470 1.0
91 487 1.0
93 95 1.0
94 38 1.0
95 38 1.0
95 429 1.0
96 104 1.0
98 40 1.0
101 232 1.0
105 261 1.0
107 310 1.0
108 73 1.0
110 436 1.0
111 397 1.0
115 227 1.0
116 89 1.0
116 152 1.0
117 436 1.0
119 239 1.0
119 306 1.0
124 310 1.0
127 35 1.0
127 440 1.0
