0 326 1.0
2 130 1.0
2 450 1.0
4 225 1.0
5 93 1.0
5 123 1.0
6 66 1.0
8 460 1.0
11 119 1.0
11 303 1.0
13 165 1.0
13 274 1.0
14 498 1.0
16 96 1.0
18 24 1.0
18 250 1.0
19 403 1.0
22 166 1.0
22 167 1.0
24 100 1.0
24 165 1.0
25 475 1.0
27 274 1.0
28 151 1.0
31 58 1.0
32 314 1.0
32 437 1.0
33 504 1.0
35 377 1.0
36 16 1.0
36 104 1.0
36 245 1.0
39 98 1.0
39 429 1.0
41 378 1.0
43 117 1.0
44 46 1.0
45 450 1.0
46 68 1.0
47 43 1.0
48 126 1.0
48 130 1.0
48 505 1.0
49 130 1.0
49 498 1.0
53 203 1.0
55 447 1.0
55 484 1.0
55 485 1.0
56 80 1.0
56 313 1.0
58 179 1.0
59 91 1.0
59 189 1.0
64 201 1.0
65 92 1.0
65 485 1.0
68 450 1.0
69 378 1.0
69 384 1.0
69 390 1.0
71 450 1.0
73 187 1.0
73 209 1.0
73 215 1.0
76 482 1.0
77 267 1.0
82 98 1.0
86 498 1.0
88 122 1.0
88 141 1.0
88 177 1.0
88 196 1.0
88 205 1.0
88 311 1.0
88 346 1.0
88 372 1.0
88 474 1.0
88 475 1.0
88 476 1.0
88 477 1.0
88 478 1.0
88 479 1.0
88 480 1.0
88 481 1.0
89 49 1.0
89 117 1.0
91 465 1.0
92 300 1.0
94 113 1.0
94 430 1.0
95 44 1.0
95 66 1.0
95 92 1.0
95 302 1.0
100 66 1.0
101 53 1.0
102 25 1.0
102 87 1.0
102 335 1.0
102 342 1.0
103 239 1.0
103 254 1.0
105 185 1.0
107 114 1.0
108 111 1.0
109 88 1.0
109 125 1.0
109 233 1.0
109 236 1.0
109 243 1.0
109 249 1.0
109 251 1.0
109 253 1.0
109 269 1.0
109 462 1.0
109 509 1.0
110 63 1.0
111 226 1.0
112 87 1.0
113 348 1.0
118 2 1.0
118 80 1.0
118 154 1.0
118 315 1.0
118 474 1.0
118 494 1.0
119 1 1.0
119 13 1.0
119 365 1.0
119 423 1.0
120 306 1.0
121 374 1.0
124 86 1.0
126 15 1.0
126 87 1.0
126 509 1.0
