1 247 1.0
2 112 1.0
5 25 1.0
5 138 1.0
5 151 1.0
10 303 1.0
10 305 1.0
14 37 1.0
15 328 1.0
16 82 1.0
19 367 1.0
22 17 1.0
25 86 1.0
25 245 1.0
28 335 1.0
31 92 1.0
32 15 1.0
38 308 1.0
40 467 1.0
40 482 1.0
41 48 1.0
42 182 1.0
43 125 1.0
45 469 1.0
48 90 1.0
49 340 1.0
56 498 1.0
61 35 1.0
61 119 1.0
63 481 1.0
65 507 1.0
67 192 1.0
67 351 1.0
67 352 1.0
67 353 1.0
67 386 1.0
68 150 1.0
69 149 1.0
73 402 1.0
74 317 1.0
76 199 1.0
77 105 1.0
79 49 1.0
83 159 1.0
86 127 1.0
86 128 1.0
87 82 1.0
88 217 1.0
93 237 1.0
93 388 1.0
97 107 1.0
98 261 1.0
99 337 1.0
100 200 1.0
100 470 1.0
102 317 1.0
104 495 1.0
111 418 1.0
112 11 1.0
113 48 1.0
119 214 1.0
119 215 1.0
120 128 1.0
121 424 1.0
122 330 1.0
124 27 1.0
124 29 1.0
125 261 1.0
