1 371 1.0
1 447 1.0
2 299 1.0
2 300 1.0
3 322 1.0
3 450 1.0
6 68 1.0
7 494 1.0
7 495 1.0
8 423 1.0
9 84 1.0
11 380 1.0
14 87 1.0
19 204 1.0
22 6 1.0
24 357 1.0
25 378 1.0
30 326 1.0
39 337 1.0
42 491 1.0
44 293 1.0
46 388 1.0
46 416 1.0
49 375 1.0
50 430 1.0
52 145 1.0
52 146 1.0
59 378 1.0
61 21 1.0
61 149 1.0
61 221 1.0
62 262 1.0
64 240 1.0
65 192 1.0
66 129 1.0
66 270 1.0
66 271 1.0
66 272 1.0
66 273 1.0
66 274 1.0
67 167 1.0
67 249 1.0
69 157 1.0
72 67 1.0
72 450 1.0
73 199 1.0
73 207 1.0
75 114 1.0
77 47 1.0
77 480 1.0
77 483 1.0
83 303 1.0
83 421 1.0
84 87 1.0
93 109 1.0
94 6 1.0
99 376 1.0
101 301 1.0
106 416 1.0
106 497 1.0
106 498 1.0
107 151 1.0
108 274 1.0
109 5 1.0
111 206 1.0
112 386 1.0
114 430 1.0
116 145 1.0
116 146 1.0
116 261 1.0
117 47 1.0
117 89 1.0
117 108 1.0
117 125 1.0
117 139 1.0
117 193 1.0
117 304 1.0
117 305 1.0
117 306 1.0
117 307 1.0
117 308 1.0
117 309 1.0
117 310 1.0
117 311 1.0
117 312 1.0
117 313 1.0
117 314 1.0
117 315 1.0
117 509 1.0
118 22 1.0
119 82 1.0
119 252 1.0
119 253 1.0
126 425 1.0
126 426 1.0
126 427 1.0
127 165 1.0
127 450 1.0
