0 233 1.0
0 370 1.0
0 392 1.0
1 441 1.0
2 88 1.0
4 379 1.0
4 479 1.0
5 109 1.0
5 399 1.0
5 452 1.0
6 406 1.0
7 137 1.0
9 135 1.0
10 236 1.0
10 306 1.0
11 18 1.0
11 103 1.0
11 306 1.0
14 456 1.0
15 316 1.0
16 145 1.0
16 213 1.0
17 144 1.0
17 213 1.0
20 378 1.0
20 381 1.0
22 310 1.0
24 43 1.0
25 109 1.0
25 236 1.0
25 306 1.0
25 459 1.0
26 326 1.0
26 364 1.0
27 90 1.0
27 156 1.0
28 90 1.0
28 155 1.0
30 14 1.0
30 180 1.0
31 180 1.0
32 277 1.0
34 88 1.0
34 323 1.0
35 47 1.0
36 210 1.0
36 211 1.0
38 271 1.0
39 168 1.0
40 167 1.0
44 240 1.0
47 41 1.0
48 109 1.0
48 231 1.0
51 197 1.0
51 231 1.0
52 158 1.0
52 159 1.0
54 183 1.0
55 182 1.0
57 297 1.0
62 491 1.0
63 382 1.0
65 441 1.0
65 458 1.0
66 473 1.0
67 94 1.0
68 429 1.0
68 442 1.0
69 179 1.0
69 231 1.0
71 420 1.0
73 24 1.0
73 297 1.0
74 353 1.0
76 415 1.0
78 71 1.0
80 7 1.0
82 55 1.0
82 164 1.0
83 164 1.0
83 356 1.0
85 144 1.0
85 145 1.0
89 243 1.0
90 482 1.0
91 507 1.0
92 376 1.0
100 322 1.0
103 176 1.0
103 179 1.0
103 197 1.0
103 232 1.0
103 387 1.0
104 231 1.0
105 128 1.0
108 109 1.0
108 126 1.0
108 138 1.0
108 153 1.0
108 306 1.0
111 65 1.0
112 172 1.0
114 279 1.0
115 217 1.0
115 473 1.0
123 253 1.0
123 507 1.0
125 251 1.0
125 507 1.0
126 507 1.0
127 118 1.0
