0 455 1.0
2 2 1.0
2 48 1.0
2 49 1.0
3 162 1.0
3 438 1.0
4 355 1.0
5 429 1.0
6 133 1.0
6 303 1.0
6 308 1.0
7 210 1.0
8 186 1.0
13 88 1.0
13 191 1.0
13 415 1.0
17 407 1.0
17 409 1.0
17 459 1.0
18 407 1.0
19 181 1.0
23 28 1.0
23 246 1.0
25 155 1.0
25 156 1.0
26 118 1.0
28 172 1.0
28 240 1.0
28 291 1.0
28 503 1.0
29 434 1.0
30 333 1.0
31 276 1.0
35 484 1.0
37 13 1.0
37 24 1.0
37 143 1.0
37 157 1.0
37 158 1.0
37 201 1.0
37 205 1.0
37 215 1.0
37 216 1.0
37 226 1.0
37 231 1.0
37 232 1.0
37 235 1.0
37 261 1.0
37 318 1.0
37 335 1.0
37 343 1.0
37 416 1.0
37 467 1.0
38 22 1.0
38 463 1.0
39 22 1.0
39 463 1.0
40 383 1.0
41 306 1.0
41 487 1.0
44 467 1.0
46 372 1.0
46 480 1.0
49 88 1.0
51 58 1.0
57 105 1.0
57 228 1.0
58 289 1.0
58 312 1.0
59 73 1.0
61 59 1.0
63 188 1.0
68 88 1.0
72 155 1.0
73 64 1.0
74 466 1.0
75 53 1.0
76 268 1.0
76 312 1.0
77 88 1.0
78 174 1.0
78 403 1.0
79 389 1.0
81 73 1.0
87 73 1.0
88 154 1.0
89 154 1.0
90 154 1.0
90 326 1.0
92 364 1.0
94 464 1.0
95 239 1.0
95 493 1.0
97 4 1.0
97 223 1.0
98 111 1.0
99 155 1.0
99 156 1.0
101 290 1.0
101 501 1.0
105 109 1.0
105 399 1.0
106 306 1.0
107 306 1.0
108 109 1.0
108 306 1.0
108 426 1.0
108 487 1.0
109 487 1.0
111 103 1.0
111 306 1.0
111 350 1.0
111 484 1.0
112 138 1.0
112 337 1.0
113 133 1.0
113 426 1.0
114 350 1.0
115 109 1.0
115 306 1.0
115 505 1.0
116 139 1.0
117 36 1.0
117 306 1.0
118 306 1.0
118 350 1.0
118 426 1.0
118 487 1.0
120 133 1.0
121 109 1.0
121 317 1.0
122 18 1.0
123 109 1.0
123 306 1.0
125 109 1.0
125 426 1.0
126 103 1.0
127 191 1.0
