0 4 1.0
1 398 1.0
2 76 1.0
2 88 1.0
2 415 1.0
3 440 1.0
4 81 1.0
4 257 1.0
5 95 1.0
5 142 1.0
6 52 1.0
6 95 1.0
6 239 1.0
6 415 1.0
7 95 1.0
8 70 1.0
8 441 1.0
11 172 1.0
12 454 1.0
13 69 1.0
13 454 1.0
14 454 1.0
15 387 1.0
16 144 1.0
16 213 1.0
16 495 1.0
18 214 1.0
18 324 1.0
21 95 1.0
23 95 1.0
23 456 1.0
24 95 1.0
25 95 1.0
29 48 1.0
30 48 1.0
33 108 1.0
34 104 1.0
37 51 1.0
37 421 1.0
38 51 1.0
39 51 1.0
39 457 1.0
40 421 1.0
40 457 1.0
41 96 1.0
41 175 1.0
41 231 1.0
43 475 1.0
43 485 1.0
46 75 1.0
46 284 1.0
47 75 1.0
47 84 1.0
47 284 1.0
48 75 1.0
48 84 1.0
48 284 1.0
49 75 1.0
49 284 1.0
50 84 1.0
50 284 1.0
51 266 1.0
53 266 1.0
54 482 1.0
56 315 1.0
60 151 1.0
62 22 1.0
62 151 1.0
62 152 1.0
64 152 1.0
65 500 1.0
68 281 1.0
71 281 1.0
72 348 1.0
72 428 1.0
73 368 1.0
74 283 1.0
74 348 1.0
75 121 1.0
76 121 1.0
79 225 1.0
80 102 1.0
87 94 1.0
92 309 1.0
92 383 1.0
93 20 1.0
93 370 1.0
93 392 1.0
94 20 1.0
94 128 1.0
103 110 1.0
104 242 1.0
104 270 1.0
104 279 1.0
109 451 1.0
112 114 1.0
113 444 1.0
114 444 1.0
115 377 1.0
115 481 1.0
119 86 1.0
120 313 1.0
127 45 1.0
