0 113 1.0
2 404 1.0
4 149 1.0
6 347 1.0
7 276 1.0
8 75 1.0
9 175 1.0
10 209 1.0
11 403 1.0
14 53 1.0
14 421 1.0
15 315 1.0
15 373 1.0
17 97 1.0
18 112 1.0
18 389 1.0
20 201 1.0
21 149 1.0
25 354 1.0
27 381 1.0
27 399 1.0
30 478 1.0
31 387 1.0
37 271 1.0
38 221 1.0
38 450 1.0
39 65 1.0
41 352 1.0
43 424 1.0
44 298 1.0
44 472 1.0
44 503 1.0
46 216 1.0
48 261 1.0
48 433 1.0
48 446 1.0
48 461 1.0
49 473 1.0
54 79 1.0
56 185 1.0
56 226 1.0
56 259 1.0
62 157 1.0
64 229 1.0
66 128 1.0
67 470 1.0
69 87 1.0
70 451 1.0
73 342 1.0
73 345 1.0
74 406 1.0
76 86 1.0
78 3 1.0
79 236 1.0
79 284 1.0
79 486 1.0
80 85 1.0
80 213 1.0
81 66 1.0
83 86 1.0
83 93 1.0
88 442 1.0
91 81 1.0
91 297 1.0
92 56 1.0
95 358 1.0
96 501 1.0
97 323 1.0
100 157 1.0
103 41 1.0
103 233 1.0
105 65 1.0
106 321 1.0
107 324 1.0
107 326 1.0
110 67 1.0
110 323 1.0
111 484 1.0
113 213 1.0
117 451 1.0
118 461 1.0
119 271 1.0
119 503 1.0
121 236 1.0
123 253 1.0
125 473 1.0
