1 210 1.0
1 212 1.0
2 199 1.0
2 240 1.0
3 240 1.0
4 68 1.0
9 86 1.0
9 169 1.0
11 124 1.0
15 451 1.0
16 374 1.0
16 375 1.0
16 376 1.0
16 377 1.0
19 165 1.0
19 274 1.0
20 6 1.0
20 397 1.0
20 404 1.0
20 405 1.0
21 6 1.0
28 91 1.0
29 89 1.0
29 141 1.0
29 205 1.0
29 346 1.0
29 479 1.0
36 143 1.0
37 183 1.0
37 184 1.0
37 203 1.0
39 498 1.0
43 165 1.0
44 499 1.0
50 301 1.0
51 40 1.0
51 274 1.0
52 488 1.0
53 437 1.0
54 6 1.0
54 41 1.0
54 165 1.0
54 405 1.0
54 414 1.0
55 320 1.0
56 261 1.0
56 496 1.0
56 497 1.0
56 498 1.0
57 165 1.0
57 509 1.0
58 376 1.0
59 217 1.0
60 6 1.0
60 407 1.0
63 109 1.0
64 392 1.0
66 134 1.0
67 461 1.0
68 274 1.0
69 98 1.0
71 56 1.0
71 436 1.0
75 421 1.0
76 77 1.0
77 489 1.0
78 10 1.0
78 14 1.0
78 26 1.0
78 29 1.0
78 32 1.0
78 63 1.0
78 68 1.0
78 84 1.0
78 110 1.0
78 172 1.0
78 173 1.0
78 174 1.0
78 175 1.0
78 176 1.0
78 177 1.0
78 178 1.0
78 179 1.0
78 180 1.0
78 181 1.0
78 182 1.0
78 183 1.0
78 184 1.0
78 185 1.0
78 186 1.0
78 187 1.0
78 188 1.0
78 189 1.0
78 190 1.0
78 191 1.0
78 192 1.0
78 193 1.0
78 194 1.0
78 195 1.0
78 196 1.0
78 197 1.0
78 198 1.0
78 199 1.0
78 200 1.0
78 201 1.0
78 202 1.0
78 203 1.0
78 204 1.0
78 205 1.0
78 206 1.0
78 207 1.0
78 208 1.0
78 209 1.0
78 210 1.0
78 211 1.0
78 212 1.0
78 213 1.0
78 214 1.0
78 215 1.0
78 216 1.0
78 217 1.0
78 218 1.0
78 219 1.0
78 220 1.0
78 221 1.0
78 222 1.0
78 223 1.0
78 224 1.0
78 225 1.0
78 226 1.0
78 227 1.0
78 228 1.0
78 229 1.0
78 230 1.0
79 378 1.0
80 114 1.0
80 366 1.0
80 368 1.0
80 424 1.0
82 378 1.0
85 166 1.0
85 167 1.0
87 48 1.0
87 120 1.0
87 242 1.0
88 375 1.0
89 117 1.0
90 383 1.0
90 439 1.0
96 312 1.0
97 304 1.0
98 8 1.0
101 258 1.0
111 157 1.0
121 49 1.0
122 80 1.0
122 383 1.0
122 436 1.0
125 358 1.0
