1 254 1.0
2 254 1.0
3 43 1.0
5 19 1.0
5 244 1.0
5 375 1.0
8 309 1.0
11 320 1.0
12 319 1.0
13 379 1.0
19 420 1.0
20 258 1.0
20 259 1.0
22 118 1.0
23 466 1.0
28 101 1.0
28 457 1.0
29 18 1.0
29 23 1.0
31 361 1.0
31 450 1.0
31 457 1.0
31 495 1.0
32 22 1.0
32 178 1.0
32 404 1.0
35 167 1.0
38 235 1.0
40 56 1.0
42 445 1.0
45 161 1.0
45 436 1.0
45 445 1.0
45 474 1.0
46 154 1.0
46 393 1.0
46 505 1.0
47 40 1.0
47 105 1.0
48 40 1.0
48 105 1.0
49 105 1.0
54 161 1.0
54 436 1.0
54 445 1.0
55 112 1.0
55 147 1.0
55 151 1.0
55 165 1.0
55 409 1.0
63 66 1.0
63 69 1.0
63 123 1.0
63 247 1.0
67 123 1.0
71 380 1.0
72 37 1.0
72 119 1.0
72 178 1.0
72 404 1.0
75 83 1.0
78 134 1.0
79 27 1.0
79 460 1.0
81 314 1.0
82 58 1.0
83 22 1.0
83 382 1.0
83 486 1.0
84 353 1.0
86 17 1.0
90 3 1.0
90 61 1.0
90 150 1.0
90 372 1.0
90 375 1.0
90 396 1.0
90 397 1.0
91 372 1.0
91 477 1.0
92 396 1.0
95 419 1.0
103 289 1.0
105 33 1.0
110 176 1.0
112 128 1.0
114 269 1.0
121 317 1.0
121 502 1.0
