0 449 1.0
7 59 1.0
7 481 1.0
8 88 1.0
10 212 1.0
13 65 1.0
14 352 1.0
16 35 1.0
16 440 1.0
17 316 1.0
20 251 1.0
20 507 1.0
21 25 1.0
23 95 1.0
24 505 1.0
25 466 1.0
26 364 1.0
29 61 1.0
29 88 1.0
29 415 1.0
29 490 1.0
31 468 1.0
33 468 1.0
35 17 1.0
36 17 1.0
38 12 1.0
39 186 1.0
42 63 1.0
45 298 1.0
45 327 1.0
47 495 1.0
48 495 1.0
49 78 1.0
51 310 1.0
52 436 1.0
56 86 1.0
57 109 1.0
59 154 1.0
63 118 1.0
63 255 1.0
64 25 1.0
65 202 1.0
65 353 1.0
66 109 1.0
66 306 1.0
67 281 1.0
68 218 1.0
69 39 1.0
71 69 1.0
71 262 1.0
72 506 1.0
73 97 1.0
74 371 1.0
74 400 1.0
78 30 1.0
78 34 1.0
78 53 1.0
78 59 1.0
78 68 1.0
78 72 1.0
78 73 1.0
78 90 1.0
78 101 1.0
78 111 1.0
78 154 1.0
78 155 1.0
78 156 1.0
78 170 1.0
78 173 1.0
78 174 1.0
78 228 1.0
78 244 1.0
78 246 1.0
78 289 1.0
78 326 1.0
78 333 1.0
78 337 1.0
78 341 1.0
78 346 1.0
78 357 1.0
78 364 1.0
78 466 1.0
78 489 1.0
78 501 1.0
79 181 1.0
83 507 1.0
84 40 1.0
86 368 1.0
87 124 1.0
87 306 1.0
87 484 1.0
92 42 1.0
96 239 1.0
102 218 1.0
102 281 1.0
103 403 1.0
108 257 1.0
109 341 1.0
112 51 1.0
114 88 1.0
114 211 1.0
121 89 1.0
121 258 1.0
123 465 1.0
125 229 1.0
