1 282 1.0
1 373 1.0
2 282 1.0
3 206 1.0
5 333 1.0
6 384 1.0
9 172 1.0
10 172 1.0
13 392 1.0
14 145 1.0
14 243 1.0
15 145 1.0
15 146 1.0
16 145 1.0
16 146 1.0
17 146 1.0
18 169 1.0
20 199 1.0
20 240 1.0
21 232 1.0
21 455 1.0
22 246 1.0
22 462 1.0
23 242 1.0
28 133 1.0
29 52 1.0
30 189 1.0
31 465 1.0
34 22 1.0
35 22 1.0
36 22 1.0
41 156 1.0
42 156 1.0
43 156 1.0
44 156 1.0
44 465 1.0
45 156 1.0
53 310 1.0
55 298 1.0
56 491 1.0
59 19 1.0
61 29 1.0
61 173 1.0
61 202 1.0
62 202 1.0
63 62 1.0
74 465 1.0
75 465 1.0
75 466 1.0
76 465 1.0
77 126 1.0
77 130 1.0
77 465 1.0
79 99 1.0
80 119 1.0
84 378 1.0
85 204 1.0
86 204 1.0
87 204 1.0
88 204 1.0
89 98 1.0
94 126 1.0
100 376 1.0
101 306 1.0
101 443 1.0
101 444 1.0
102 507 1.0
104 157 1.0
108 461 1.0
109 189 1.0
114 485 1.0
115 312 1.0
118 384 1.0
120 303 1.0
121 86 1.0
