0 262 1.0
0 374 1.0
6 3 1.0
6 4 1.0
6 141 1.0
8 269 1.0
8 427 1.0
21 460 1.0
31 156 1.0
31 158 1.0
32 156 1.0
32 157 1.0
32 158 1.0
34 227 1.0
35 187 1.0
37 193 1.0
40 443 1.0
49 188 1.0
49 190 1.0
55 61 1.0
55 62 1.0
59 130 1.0
59 357 1.0
60 357 1.0
67 461 1.0
71 277 1.0
76 15 1.0
76 16 1.0
77 364 1.0
78 278 1.0
81 73 1.0
81 75 1.0
81 287 1.0
81 300 1.0
81 330 1.0
81 331 1.0
81 332 1.0
81 333 1.0
82 331 1.0
83 75 1.0
86 429 1.0
88 253 1.0
95 23 1.0
96 23 1.0
97 419 1.0
101 370 1.0
102 142 1.0
103 169 1.0
104 108 1.0
104 130 1.0
106 48 1.0
107 312 1.0
110 64 1.0
111 388 1.0
114 82 1.0
120 72 1.0
120 74 1.0
123 358 1.0
125 0 1.0
126 0 1.0
