1 79 1.0
1 165 1.0
1 498 1.0
2 126 1.0
5 356 1.0
7 78 1.0
7 393 1.0
7 432 1.0
10 378 1.0
11 140 1.0
11 378 1.0
12 139 1.0
12 378 1.0
12 439 1.0
13 372 1.0
14 210 1.0
19 437 1.0
23 185 1.0
24 103 1.0
32 177 1.0
33 450 1.0
37 100 1.0
37 129 1.0
37 263 1.0
37 284 1.0
37 310 1.0
37 316 1.0
37 317 1.0
37 318 1.0
37 319 1.0
37 320 1.0
37 321 1.0
37 322 1.0
37 323 1.0
37 324 1.0
37 325 1.0
37 326 1.0
37 327 1.0
37 328 1.0
37 329 1.0
37 330 1.0
37 331 1.0
37 332 1.0
37 333 1.0
37 334 1.0
37 335 1.0
37 336 1.0
37 337 1.0
37 338 1.0
37 339 1.0
37 340 1.0
37 341 1.0
38 167 1.0
38 430 1.0
38 434 1.0
38 435 1.0
39 166 1.0
39 370 1.0
39 430 1.0
39 431 1.0
39 432 1.0
39 433 1.0
39 434 1.0
39 435 1.0
40 376 1.0
40 450 1.0
41 88 1.0
44 321 1.0
45 202 1.0
45 203 1.0
45 450 1.0
47 93 1.0
47 194 1.0
47 195 1.0
47 229 1.0
48 189 1.0
49 160 1.0
49 362 1.0
50 191 1.0
53 195 1.0
55 229 1.0
56 229 1.0
57 151 1.0
57 225 1.0
59 188 1.0
60 187 1.0
61 176 1.0
61 198 1.0
61 204 1.0
61 209 1.0
63 178 1.0
65 32 1.0
65 89 1.0
66 175 1.0
67 175 1.0
67 181 1.0
67 219 1.0
68 30 1.0
70 189 1.0
71 240 1.0
72 227 1.0
73 352 1.0
74 173 1.0
75 173 1.0
75 214 1.0
75 230 1.0
75 350 1.0
76 91 1.0
76 189 1.0
76 268 1.0
78 213 1.0
78 222 1.0
80 229 1.0
81 53 1.0
81 189 1.0
82 142 1.0
85 206 1.0
86 65 1.0
86 203 1.0
86 229 1.0
86 230 1.0
88 218 1.0
90 216 1.0
91 195 1.0
91 229 1.0
92 96 1.0
94 206 1.0
97 185 1.0
99 200 1.0
101 26 1.0
101 175 1.0
101 183 1.0
101 184 1.0
101 208 1.0
101 214 1.0
101 219 1.0
102 203 1.0
102 214 1.0
103 87 1.0
103 247 1.0
104 87 1.0
104 301 1.0
105 87 1.0
106 87 1.0
107 87 1.0
107 242 1.0
108 28 1.0
108 87 1.0
108 246 1.0
108 509 1.0
109 87 1.0
109 244 1.0
109 253 1.0
110 87 1.0
111 87 1.0
112 36 1.0
112 87 1.0
112 199 1.0
112 509 1.0
113 87 1.0
113 88 1.0
114 16 1.0
114 87 1.0
114 88 1.0
114 235 1.0
115 87 1.0
115 88 1.0
116 87 1.0
116 88 1.0
116 237 1.0
117 87 1.0
117 462 1.0
118 87 1.0
118 236 1.0
118 262 1.0
119 87 1.0
119 231 1.0
120 87 1.0
120 509 1.0
121 88 1.0
122 28 1.0
122 88 1.0
123 88 1.0
123 274 1.0
123 509 1.0
124 88 1.0
125 82 1.0
125 237 1.0
126 73 1.0
127 73 1.0
127 509 1.0
