0 383 1.0
2 351 1.0
2 353 1.0
3 353 1.0
4 64 1.0
5 390 1.0
6 389 1.0
7 482 1.0
8 482 1.0
10 482 1.0
12 455 1.0
13 455 1.0
14 399 1.0
14 400 1.0
15 398 1.0
16 398 1.0
18 65 1.0
19 341 1.0
19 342 1.0
19 343 1.0
19 344 1.0
19 404 1.0
20 403 1.0
25 410 1.0
26 409 1.0
32 241 1.0
32 242 1.0
32 417 1.0
33 416 1.0
34 231 1.0
35 420 1.0
36 419 1.0
39 445 1.0
43 296 1.0
51 436 1.0
52 435 1.0
53 2 1.0
54 99 1.0
58 215 1.0
61 350 1.0
61 423 1.0
62 447 1.0
63 446 1.0
64 242 1.0
71 396 1.0
71 397 1.0
72 47 1.0
72 96 1.0
75 173 1.0
77 66 1.0
77 199 1.0
77 471 1.0
79 155 1.0
82 467 1.0
83 466 1.0
83 482 1.0
84 469 1.0
85 468 1.0
86 201 1.0
86 490 1.0
87 66 1.0
87 67 1.0
87 461 1.0
89 156 1.0
92 288 1.0
93 172 1.0
98 391 1.0
98 392 1.0
98 394 1.0
98 467 1.0
102 487 1.0
103 486 1.0
106 470 1.0
107 194 1.0
107 492 1.0
108 491 1.0
109 255 1.0
111 199 1.0
120 258 1.0
123 290 1.0
127 260 1.0
