1 373 1.0
5 118 1.0
7 48 1.0
9 173 1.0
11 73 1.0
13 403 1.0
15 436 1.0
18 6 1.0
18 74 1.0
18 373 1.0
18 485 1.0
19 21 1.0
21 109 1.0
21 306 1.0
22 91 1.0
24 462 1.0
26 194 1.0
27 33 1.0
27 442 1.0
29 229 1.0
32 167 1.0
39 394 1.0
40 394 1.0
41 85 1.0
41 104 1.0
41 401 1.0
43 59 1.0
43 170 1.0
45 239 1.0
48 20 1.0
48 189 1.0
48 236 1.0
48 244 1.0
48 306 1.0
48 342 1.0
48 417 1.0
49 316 1.0
52 116 1.0
53 389 1.0
55 55 1.0
55 210 1.0
56 61 1.0
56 149 1.0
59 321 1.0
63 89 1.0
65 399 1.0
66 15 1.0
69 15 1.0
70 89 1.0
70 258 1.0
71 230 1.0
71 298 1.0
72 397 1.0
72 401 1.0
72 411 1.0
73 470 1.0
77 374 1.0
77 509 1.0
79 53 1.0
79 72 1.0
79 263 1.0
84 390 1.0
89 107 1.0
91 203 1.0
91 470 1.0
93 80 1.0
93 434 1.0
94 74 1.0
98 458 1.0
107 242 1.0
107 436 1.0
107 490 1.0
107 510 1.0
108 311 1.0
112 73 1.0
114 82 1.0
115 52 1.0
116 476 1.0
122 36 1.0
123 395 1.0
