1 435 1.0
1 436 1.0
2 66 1.0
2 67 1.0
2 69 1.0
3 143 1.0
4 449 1.0
5 402 1.0
7 317 1.0
8 221 1.0
10 303 1.0
11 319 1.0
13 281 1.0
14 129 1.0
15 59 1.0
19 455 1.0
21 11 1.0
22 457 1.0
24 8 1.0
25 36 1.0
31 130 1.0
31 134 1.0
33 446 1.0
37 165 1.0
37 168 1.0
41 418 1.0
44 200 1.0
46 82 1.0
50 85 1.0
50 360 1.0
56 131 1.0
57 46 1.0
57 136 1.0
58 72 1.0
58 314 1.0
60 241 1.0
60 242 1.0
60 416 1.0
66 490 1.0
67 237 1.0
69 257 1.0
69 258 1.0
70 140 1.0
70 141 1.0
70 142 1.0
71 99 1.0
71 438 1.0
72 6 1.0
72 151 1.0
72 299 1.0
72 424 1.0
73 167 1.0
73 168 1.0
76 484 1.0
77 261 1.0
80 396 1.0
80 397 1.0
81 256 1.0
82 498 1.0
85 256 1.0
85 364 1.0
87 346 1.0
91 171 1.0
96 311 1.0
96 324 1.0
97 243 1.0
98 182 1.0
98 259 1.0
98 260 1.0
99 357 1.0
100 33 1.0
101 171 1.0
102 29 1.0
103 32 1.0
104 499 1.0
105 342 1.0
105 343 1.0
106 51 1.0
106 57 1.0
108 490 1.0
111 144 1.0
113 371 1.0
115 409 1.0
115 410 1.0
116 193 1.0
120 346 1.0
120 348 1.0
121 35 1.0
123 460 1.0
124 277 1.0
125 98 1.0
125 100 1.0
