3 18 1.0
4 18 1.0
6 18 1.0
6 115 1.0
7 18 1.0
10 354 1.0
11 411 1.0
15 301 1.0
15 302 1.0
18 74 1.0
18 453 1.0
19 74 1.0
19 453 1.0
20 306 1.0
20 353 1.0
21 353 1.0
22 353 1.0
23 411 1.0
24 371 1.0
25 18 1.0
32 221 1.0
32 287 1.0
32 343 1.0
32 435 1.0
35 459 1.0
37 466 1.0
38 65 1.0
38 481 1.0
39 311 1.0
42 311 1.0
51 502 1.0
52 160 1.0
54 285 1.0
55 285 1.0
59 481 1.0
60 495 1.0
61 61 1.0
61 372 1.0
61 397 1.0
62 61 1.0
62 397 1.0
65 53 1.0
65 459 1.0
66 59 1.0
68 194 1.0
69 484 1.0
74 27 1.0
76 95 1.0
76 249 1.0
77 87 1.0
77 95 1.0
77 249 1.0
78 87 1.0
78 95 1.0
78 211 1.0
78 249 1.0
79 95 1.0
80 95 1.0
81 87 1.0
81 95 1.0
81 249 1.0
82 237 1.0
83 439 1.0
84 139 1.0
84 439 1.0
84 458 1.0
85 439 1.0
86 327 1.0
88 97 1.0
89 370 1.0
89 463 1.0
92 277 1.0
95 343 1.0
97 488 1.0
98 77 1.0
98 218 1.0
100 77 1.0
100 218 1.0
102 354 1.0
103 200 1.0
104 200 1.0
105 200 1.0
106 200 1.0
106 267 1.0
107 94 1.0
107 107 1.0
107 119 1.0
107 128 1.0
107 179 1.0
107 200 1.0
107 511 1.0
108 200 1.0
112 304 1.0
113 303 1.0
114 56 1.0
115 49 1.0
115 279 1.0
115 324 1.0
115 478 1.0
117 319 1.0
118 5 1.0
120 9 1.0
122 333 1.0
124 443 1.0
127 232 1.0
