0 385 1.0
2 232 1.0
2 445 1.0
2 495 1.0
3 369 1.0
4 259 1.0
4 385 1.0
5 451 1.0
6 77 1.0
6 302 1.0
7 217 1.0
7 469 1.0
8 221 1.0
8 282 1.0
8 351 1.0
13 25 1.0
15 131 1.0
16 510 1.0
17 12 1.0
17 40 1.0
17 116 1.0
17 177 1.0
17 236 1.0
17 311 1.0
17 341 1.0
19 137 1.0
19 169 1.0
19 175 1.0
22 303 1.0
23 475 1.0
24 365 1.0
25 365 1.0
28 425 1.0
30 47 1.0
35 383 1.0
37 46 1.0
40 221 1.0
43 356 1.0
44 431 1.0
47 347 1.0
47 369 1.0
52 239 1.0
61 95 1.0
64 14 1.0
66 74 1.0
67 482 1.0
69 217 1.0
69 469 1.0
70 413 1.0
71 56 1.0
72 74 1.0
72 170 1.0
72 266 1.0
72 267 1.0
74 295 1.0
77 145 1.0
77 355 1.0
77 359 1.0
79 141 1.0
80 112 1.0
85 223 1.0
85 227 1.0
87 231 1.0
88 194 1.0
88 277 1.0
93 30 1.0
94 345 1.0
96 91 1.0
98 138 1.0
100 355 1.0
102 145 1.0
104 83 1.0
104 470 1.0
104 504 1.0
105 176 1.0
105 484 1.0
106 132 1.0
110 52 1.0
110 55 1.0
113 221 1.0
115 133 1.0
115 135 1.0
117 225 1.0
117 241 1.0
117 378 1.0
119 87 1.0
121 210 1.0
124 510 1.0
125 243 1.0
127 219 1.0
127 389 1.0
