1 377 1.0
2 334 1.0
3 205 1.0
10 486 1.0
11 378 1.0
12 263 1.0
15 46 1.0
17 16 1.0
17 121 1.0
17 334 1.0
18 452 1.0
19 68 1.0
19 271 1.0
19 331 1.0
21 226 1.0
26 505 1.0
28 280 1.0
30 159 1.0
31 158 1.0
31 330 1.0
32 166 1.0
33 436 1.0
35 164 1.0
36 163 1.0
37 112 1.0
37 334 1.0
38 160 1.0
38 363 1.0
40 38 1.0
42 342 1.0
43 34 1.0
44 37 1.0
44 343 1.0
46 18 1.0
47 190 1.0
48 478 1.0
50 404 1.0
50 486 1.0
51 191 1.0
51 386 1.0
52 306 1.0
53 334 1.0
54 233 1.0
55 78 1.0
57 334 1.0
61 60 1.0
61 266 1.0
62 175 1.0
62 475 1.0
63 107 1.0
63 179 1.0
64 43 1.0
66 55 1.0
70 200 1.0
71 92 1.0
72 86 1.0
72 107 1.0
72 198 1.0
72 267 1.0
72 317 1.0
72 346 1.0
72 501 1.0
72 502 1.0
73 426 1.0
75 245 1.0
77 131 1.0
77 230 1.0
77 284 1.0
77 334 1.0
77 360 1.0
77 482 1.0
78 26 1.0
78 318 1.0
80 59 1.0
83 95 1.0
83 438 1.0
86 334 1.0
88 419 1.0
90 77 1.0
91 17 1.0
91 126 1.0
91 334 1.0
93 120 1.0
97 459 1.0
98 149 1.0
99 424 1.0
102 205 1.0
102 284 1.0
104 67 1.0
105 47 1.0
105 111 1.0
105 182 1.0
110 48 1.0
110 485 1.0
111 383 1.0
112 507 1.0
114 505 1.0
117 203 1.0
117 290 1.0
119 66 1.0
119 69 1.0
121 87 1.0
121 95 1.0
123 444 1.0
