0 391 1.0
2 178 1.0
2 179 1.0
2 206 1.0
6 99 1.0
13 57 1.0
14 450 1.0
16 419 1.0
17 178 1.0
17 183 1.0
17 184 1.0
17 195 1.0
17 198 1.0
17 201 1.0
19 319 1.0
19 373 1.0
22 376 1.0
24 6 1.0
24 399 1.0
25 6 1.0
25 399 1.0
26 372 1.0
26 448 1.0
27 419 1.0
30 43 1.0
31 43 1.0
31 288 1.0
31 289 1.0
33 456 1.0
39 22 1.0
40 85 1.0
41 169 1.0
44 88 1.0
45 255 1.0
45 462 1.0
47 30 1.0
47 63 1.0
47 180 1.0
51 306 1.0
52 66 1.0
52 302 1.0
52 303 1.0
53 225 1.0
57 201 1.0
58 112 1.0
60 165 1.0
62 180 1.0
62 209 1.0
63 358 1.0
66 391 1.0
69 41 1.0
69 71 1.0
69 413 1.0
72 47 1.0
72 51 1.0
72 124 1.0
72 196 1.0
72 312 1.0
72 315 1.0
72 383 1.0
72 439 1.0
74 419 1.0
74 420 1.0
76 0 1.0
77 91 1.0
77 213 1.0
82 166 1.0
82 167 1.0
82 430 1.0
85 422 1.0
87 491 1.0
88 166 1.0
89 165 1.0
89 414 1.0
93 234 1.0
95 143 1.0
96 115 1.0
96 509 1.0
99 87 1.0
104 225 1.0
108 23 1.0
114 448 1.0
115 288 1.0
116 393 1.0
117 94 1.0
117 344 1.0
118 86 1.0
118 498 1.0
120 409 1.0
120 411 1.0
120 414 1.0
121 498 1.0
124 426 1.0
