0 17 1.0
0 290 1.0
0 292 1.0
0 293 1.0
1 17 1.0
1 290 1.0
1 291 1.0
1 292 1.0
2 119 1.0
4 199 1.0
4 207 1.0
5 6 1.0
5 395 1.0
5 396 1.0
5 397 1.0
5 398 1.0
5 399 1.0
5 400 1.0
8 66 1.0
8 385 1.0
8 386 1.0
8 387 1.0
8 388 1.0
8 389 1.0
8 390 1.0
9 167 1.0
13 439 1.0
15 156 1.0
16 85 1.0
16 277 1.0
17 82 1.0
18 215 1.0
19 189 1.0
19 206 1.0
22 182 1.0
24 414 1.0
26 450 1.0
27 391 1.0
29 152 1.0
32 165 1.0
33 83 1.0
33 164 1.0
33 171 1.0
33 418 1.0
33 421 1.0
33 422 1.0
39 392 1.0
40 498 1.0
40 509 1.0
45 165 1.0
45 450 1.0
47 1 1.0
53 98 1.0
54 75 1.0
54 127 1.0
55 159 1.0
56 147 1.0
56 378 1.0
57 263 1.0
61 156 1.0
62 19 1.0
62 288 1.0
62 417 1.0
63 110 1.0
64 156 1.0
66 372 1.0
69 6 1.0
70 366 1.0
71 165 1.0
71 358 1.0
73 133 1.0
74 437 1.0
75 84 1.0
75 190 1.0
75 199 1.0
75 207 1.0
77 378 1.0
78 209 1.0
79 313 1.0
79 481 1.0
84 229 1.0
89 498 1.0
90 489 1.0
91 240 1.0
92 2 1.0
93 140 1.0
96 111 1.0
97 16 1.0
97 88 1.0
97 163 1.0
97 252 1.0
97 265 1.0
99 109 1.0
100 358 1.0
104 487 1.0
105 294 1.0
106 156 1.0
112 214 1.0
112 229 1.0
114 161 1.0
116 157 1.0
117 378 1.0
117 437 1.0
118 343 1.0
118 441 1.0
118 445 1.0
119 132 1.0
121 372 1.0
121 448 1.0
123 353 1.0
127 380 1.0
