2 451 1.0
4 477 1.0
7 355 1.0
8 145 1.0
8 355 1.0
10 145 1.0
10 355 1.0
11 103 1.0
12 68 1.0
13 68 1.0
14 97 1.0
15 97 1.0
16 97 1.0
16 250 1.0
18 50 1.0
18 192 1.0
18 242 1.0
18 457 1.0
19 240 1.0
24 160 1.0
24 305 1.0
27 248 1.0
28 248 1.0
31 72 1.0
32 3 1.0
32 72 1.0
32 111 1.0
32 316 1.0
33 3 1.0
34 21 1.0
34 495 1.0
38 102 1.0
40 79 1.0
40 130 1.0
40 155 1.0
40 505 1.0
44 12 1.0
44 52 1.0
48 200 1.0
49 98 1.0
49 328 1.0
60 246 1.0
61 343 1.0
63 321 1.0
65 191 1.0
68 210 1.0
69 210 1.0
70 346 1.0
71 104 1.0
80 57 1.0
83 424 1.0
84 182 1.0
84 289 1.0
85 429 1.0
86 484 1.0
90 145 1.0
90 355 1.0
91 145 1.0
91 355 1.0
94 48 1.0
94 73 1.0
95 28 1.0
96 314 1.0
97 447 1.0
98 359 1.0
98 424 1.0
102 93 1.0
102 108 1.0
102 217 1.0
110 331 1.0
111 488 1.0
114 116 1.0
114 440 1.0
115 3 1.0
116 70 1.0
117 70 1.0
121 216 1.0
121 236 1.0
123 280 1.0
123 449 1.0
124 114 1.0
126 114 1.0
