2 498 1.0
7 416 1.0
11 204 1.0
11 265 1.0
11 297 1.0
16 229 1.0
18 92 1.0
18 389 1.0
18 390 1.0
21 35 1.0
21 237 1.0
23 52 1.0
25 358 1.0
26 33 1.0
26 98 1.0
28 165 1.0
30 41 1.0
30 69 1.0
30 414 1.0
31 41 1.0
35 64 1.0
38 274 1.0
41 163 1.0
42 38 1.0
43 294 1.0
46 189 1.0
46 293 1.0
48 189 1.0
48 197 1.0
48 204 1.0
48 248 1.0
48 261 1.0
48 262 1.0
48 263 1.0
48 264 1.0
48 265 1.0
48 266 1.0
48 267 1.0
48 268 1.0
48 269 1.0
50 139 1.0
50 140 1.0
51 165 1.0
55 378 1.0
65 16 1.0
66 62 1.0
69 62 1.0
70 117 1.0
71 274 1.0
71 450 1.0
72 97 1.0
73 333 1.0
75 41 1.0
75 71 1.0
76 165 1.0
79 182 1.0
79 212 1.0
79 224 1.0
79 350 1.0
79 351 1.0
79 352 1.0
82 338 1.0
83 274 1.0
86 489 1.0
89 114 1.0
90 181 1.0
93 92 1.0
95 127 1.0
95 161 1.0
96 47 1.0
96 489 1.0
97 119 1.0
97 274 1.0
102 287 1.0
103 47 1.0
103 450 1.0
104 418 1.0
107 2 1.0
107 119 1.0
107 373 1.0
107 394 1.0
109 2 1.0
115 92 1.0
119 82 1.0
120 87 1.0
123 62 1.0
123 329 1.0
124 211 1.0
125 358 1.0
125 450 1.0
