0 95 1.0
0 273 1.0
1 450 1.0
2 94 1.0
3 139 1.0
6 7 1.0
10 379 1.0
11 501 1.0
14 321 1.0
17 183 1.0
17 436 1.0
17 500 1.0
18 183 1.0
18 221 1.0
18 436 1.0
18 500 1.0
21 138 1.0
21 445 1.0
23 491 1.0
27 188 1.0
28 0 1.0
28 62 1.0
28 244 1.0
29 453 1.0
34 25 1.0
37 20 1.0
37 35 1.0
37 51 1.0
37 121 1.0
37 152 1.0
37 187 1.0
37 217 1.0
37 255 1.0
37 272 1.0
37 357 1.0
37 362 1.0
37 511 1.0
39 247 1.0
39 277 1.0
39 451 1.0
42 46 1.0
44 361 1.0
46 175 1.0
57 175 1.0
57 177 1.0
59 53 1.0
59 256 1.0
60 256 1.0
61 45 1.0
61 116 1.0
61 175 1.0
64 449 1.0
65 145 1.0
65 501 1.0
68 236 1.0
69 319 1.0
71 50 1.0
71 457 1.0
72 305 1.0
75 104 1.0
76 145 1.0
76 403 1.0
78 14 1.0
78 21 1.0
78 68 1.0
78 495 1.0
79 192 1.0
79 230 1.0
79 457 1.0
92 138 1.0
92 220 1.0
93 445 1.0
94 68 1.0
94 348 1.0
95 57 1.0
98 246 1.0
98 341 1.0
99 305 1.0
100 116 1.0
101 68 1.0
101 311 1.0
101 313 1.0
105 32 1.0
109 126 1.0
112 448 1.0
121 296 1.0
121 451 1.0
124 503 1.0
125 503 1.0
126 183 1.0
