0 509 1.0
0 510 1.0
2 80 1.0
3 390 1.0
4 390 1.0
5 92 1.0
6 4 1.0
6 66 1.0
6 92 1.0
7 52 1.0
7 92 1.0
8 92 1.0
8 144 1.0
8 305 1.0
9 92 1.0
11 370 1.0
15 460 1.0
16 460 1.0
23 30 1.0
23 56 1.0
23 304 1.0
23 479 1.0
23 480 1.0
24 66 1.0
25 66 1.0
26 66 1.0
29 168 1.0
30 240 1.0
31 266 1.0
32 234 1.0
33 169 1.0
35 14 1.0
35 21 1.0
35 149 1.0
40 261 1.0
48 248 1.0
48 320 1.0
48 490 1.0
54 376 1.0
55 376 1.0
59 245 1.0
61 439 1.0
62 439 1.0
64 154 1.0
64 494 1.0
65 207 1.0
69 310 1.0
69 331 1.0
69 358 1.0
70 358 1.0
72 504 1.0
73 465 1.0
74 504 1.0
75 465 1.0
75 467 1.0
76 72 1.0
76 75 1.0
78 72 1.0
82 353 1.0
82 354 1.0
82 355 1.0
82 498 1.0
84 147 1.0
85 159 1.0
88 119 1.0
88 135 1.0
89 135 1.0
91 100 1.0
92 143 1.0
93 100 1.0
95 241 1.0
95 251 1.0
99 128 1.0
106 51 1.0
106 124 1.0
108 488 1.0
109 299 1.0
112 111 1.0
112 162 1.0
112 299 1.0
120 21 1.0
120 50 1.0
120 190 1.0
121 10 1.0
121 11 1.0
124 92 1.0
127 225 1.0
