2 483 1.0
3 346 1.0
5 118 1.0
9 120 1.0
13 399 1.0
14 455 1.0
17 342 1.0
17 400 1.0
18 3 1.0
18 4 1.0
18 6 1.0
18 7 1.0
18 25 1.0
18 150 1.0
18 285 1.0
19 261 1.0
22 288 1.0
22 339 1.0
23 285 1.0
27 74 1.0
27 335 1.0
32 434 1.0
33 361 1.0
37 328 1.0
40 303 1.0
40 304 1.0
41 163 1.0
43 259 1.0
43 400 1.0
47 200 1.0
49 115 1.0
53 65 1.0
53 402 1.0
56 114 1.0
56 296 1.0
58 338 1.0
59 66 1.0
61 61 1.0
61 62 1.0
61 346 1.0
62 199 1.0
63 386 1.0
65 38 1.0
66 319 1.0
67 128 1.0
68 453 1.0
69 319 1.0
74 18 1.0
74 19 1.0
77 98 1.0
77 100 1.0
78 242 1.0
78 416 1.0
78 417 1.0
80 216 1.0
82 453 1.0
83 195 1.0
83 331 1.0
86 247 1.0
87 77 1.0
87 78 1.0
87 81 1.0
91 228 1.0
93 451 1.0
94 107 1.0
95 76 1.0
95 77 1.0
95 78 1.0
95 79 1.0
95 80 1.0
95 81 1.0
96 146 1.0
97 88 1.0
101 284 1.0
104 227 1.0
105 303 1.0
105 304 1.0
105 305 1.0
106 447 1.0
107 107 1.0
107 137 1.0
107 232 1.0
107 233 1.0
107 234 1.0
107 235 1.0
109 137 1.0
110 248 1.0
111 200 1.0
111 470 1.0
112 311 1.0
112 506 1.0
114 200 1.0
114 202 1.0
115 6 1.0
115 134 1.0
117 246 1.0
118 278 1.0
119 107 1.0
119 214 1.0
119 328 1.0
122 206 1.0
123 319 1.0
123 323 1.0
124 172 1.0
124 173 1.0
