1 315 1.0
2 496 1.0
4 430 1.0
7 226 1.0
7 257 1.0
15 365 1.0
17 36 1.0
22 363 1.0
25 363 1.0
30 363 1.0
30 380 1.0
31 110 1.0
32 110 1.0
32 276 1.0
32 430 1.0
32 490 1.0
34 78 1.0
35 164 1.0
35 295 1.0
36 295 1.0
37 467 1.0
38 223 1.0
38 227 1.0
39 392 1.0
41 191 1.0
41 289 1.0
41 510 1.0
42 510 1.0
43 510 1.0
46 434 1.0
46 498 1.0
53 154 1.0
53 267 1.0
53 310 1.0
54 66 1.0
54 225 1.0
58 2 1.0
58 109 1.0
60 304 1.0
63 385 1.0
64 139 1.0
66 7 1.0
66 54 1.0
66 161 1.0
66 169 1.0
66 231 1.0
66 233 1.0
66 280 1.0
66 387 1.0
66 456 1.0
66 511 1.0
73 337 1.0
75 41 1.0
75 233 1.0
78 7 1.0
78 183 1.0
79 306 1.0
79 315 1.0
81 62 1.0
86 234 1.0
88 221 1.0
89 41 1.0
89 233 1.0
91 221 1.0
96 330 1.0
96 461 1.0
97 303 1.0
98 109 1.0
98 303 1.0
98 339 1.0
99 461 1.0
103 139 1.0
104 139 1.0
104 373 1.0
105 60 1.0
105 159 1.0
107 426 1.0
110 391 1.0
111 391 1.0
113 228 1.0
113 276 1.0
113 490 1.0
114 105 1.0
114 179 1.0
114 279 1.0
114 329 1.0
114 490 1.0
115 221 1.0
116 321 1.0
121 276 1.0
125 7 1.0
125 51 1.0
125 91 1.0
125 187 1.0
125 501 1.0
