2 443 1.0
2 488 1.0
6 302 1.0
9 2 1.0
10 156 1.0
11 156 1.0
13 146 1.0
13 390 1.0
14 486 1.0
20 95 1.0
23 44 1.0
24 44 1.0
27 265 1.0
28 415 1.0
28 416 1.0
29 416 1.0
30 415 1.0
30 416 1.0
33 111 1.0
39 188 1.0
40 188 1.0
41 487 1.0
43 302 1.0
45 203 1.0
51 94 1.0
59 419 1.0
60 433 1.0
62 166 1.0
62 167 1.0
62 433 1.0
65 421 1.0
70 59 1.0
72 9 1.0
77 161 1.0
80 342 1.0
81 192 1.0
93 83 1.0
93 367 1.0
99 418 1.0
100 308 1.0
105 306 1.0
106 119 1.0
108 365 1.0
110 13 1.0
110 365 1.0
115 146 1.0
119 119 1.0
121 260 1.0
123 259 1.0
125 472 1.0
126 156 1.0
