1 2 1.0
2 1 1.0
2 332 1.0
6 373 1.0
7 208 1.0
8 269 1.0
8 281 1.0
10 476 1.0
14 158 1.0
17 24 1.0
18 139 1.0
22 39 1.0
24 17 1.0
24 201 1.0
26 99 1.0
26 122 1.0
26 123 1.0
32 279 1.0
33 286 1.0
37 60 1.0
38 429 1.0
39 22 1.0
40 507 1.0
41 175 1.0
42 87 1.0
43 152 1.0
47 163 1.0
51 457 1.0
54 401 1.0
55 60 1.0
55 210 1.0
55 323 1.0
56 412 1.0
56 447 1.0
59 105 1.0
60 37 1.0
60 55 1.0
62 485 1.0
65 239 1.0
67 282 1.0
68 391 1.0
70 441 1.0
71 206 1.0
73 449 1.0
75 84 1.0
76 88 1.0
80 257 1.0
81 347 1.0
81 423 1.0
84 75 1.0
84 284 1.0
86 429 1.0
87 42 1.0
88 76 1.0
88 130 1.0
88 162 1.0
88 300 1.0
88 415 1.0
88 498 1.0
89 258 1.0
90 155 1.0
90 156 1.0
91 330 1.0
94 195 1.0
95 334 1.0
95 456 1.0
99 26 1.0
99 122 1.0
99 123 1.0
101 281 1.0
102 109 1.0
103 139 1.0
103 306 1.0
103 484 1.0
104 401 1.0
105 59 1.0
109 102 1.0
109 124 1.0
109 133 1.0
109 153 1.0
109 176 1.0
109 236 1.0
109 289 1.0
109 306 1.0
109 318 1.0
109 426 1.0
109 459 1.0
112 306 1.0
112 487 1.0
117 259 1.0
118 255 1.0
118 388 1.0
118 446 1.0
118 454 1.0
119 379 1.0
120 483 1.0
122 26 1.0
122 99 1.0
123 26 1.0
123 99 1.0
124 109 1.0
124 306 1.0
125 458 1.0
126 236 1.0
126 306 1.0
