17 141 1.0
18 444 1.0
19 495 1.0
21 56 1.0
21 392 1.0
26 214 1.0
26 315 1.0
26 334 1.0
26 420 1.0
27 334 1.0
28 334 1.0
34 150 1.0
34 244 1.0
37 449 1.0
39 32 1.0
42 43 1.0
42 334 1.0
45 9 1.0
45 334 1.0
46 334 1.0
53 335 1.0
53 440 1.0
58 204 1.0
58 295 1.0
59 184 1.0
60 145 1.0
61 48 1.0
61 238 1.0
61 485 1.0
66 26 1.0
66 427 1.0
70 231 1.0
72 415 1.0
74 149 1.0
74 226 1.0
74 321 1.0
75 91 1.0
82 55 1.0
83 370 1.0
84 266 1.0
90 324 1.0
90 358 1.0
91 389 1.0
95 130 1.0
100 334 1.0
101 29 1.0
101 381 1.0
102 71 1.0
102 193 1.0
108 48 1.0
111 45 1.0
111 196 1.0
111 250 1.0
111 352 1.0
112 448 1.0
113 417 1.0
114 107 1.0
116 48 1.0
116 334 1.0
117 138 1.0
118 334 1.0
120 240 1.0
120 507 1.0
123 276 1.0
123 389 1.0
125 389 1.0
126 187 1.0
127 242 1.0
127 319 1.0
