2 430 1.0
4 232 1.0
6 18 1.0
6 392 1.0
12 294 1.0
15 66 1.0
15 69 1.0
15 247 1.0
17 291 1.0
17 292 1.0
20 48 1.0
21 19 1.0
22 210 1.0
25 277 1.0
25 320 1.0
30 334 1.0
30 392 1.0
33 27 1.0
34 334 1.0
35 272 1.0
36 122 1.0
36 481 1.0
37 166 1.0
38 136 1.0
39 325 1.0
39 498 1.0
39 508 1.0
40 340 1.0
42 348 1.0
43 506 1.0
45 195 1.0
48 7 1.0
50 417 1.0
51 368 1.0
52 115 1.0
52 443 1.0
53 79 1.0
53 334 1.0
55 55 1.0
55 132 1.0
59 43 1.0
59 263 1.0
59 334 1.0
60 503 1.0
61 56 1.0
61 285 1.0
61 392 1.0
63 298 1.0
64 185 1.0
65 132 1.0
65 269 1.0
68 334 1.0
69 327 1.0
72 79 1.0
72 334 1.0
73 11 1.0
73 112 1.0
73 165 1.0
73 190 1.0
73 334 1.0
74 18 1.0
74 94 1.0
74 392 1.0
74 493 1.0
78 195 1.0
78 305 1.0
78 394 1.0
80 93 1.0
82 114 1.0
83 496 1.0
85 41 1.0
86 312 1.0
88 150 1.0
88 264 1.0
88 285 1.0
88 370 1.0
88 470 1.0
88 503 1.0
89 63 1.0
89 70 1.0
89 133 1.0
89 377 1.0
89 506 1.0
90 334 1.0
91 22 1.0
93 471 1.0
95 279 1.0
95 511 1.0
97 329 1.0
98 497 1.0
101 334 1.0
102 227 1.0
102 424 1.0
104 41 1.0
107 89 1.0
109 21 1.0
109 313 1.0
109 322 1.0
110 137 1.0
110 238 1.0
111 145 1.0
111 334 1.0
116 52 1.0
116 477 1.0
118 5 1.0
118 319 1.0
118 483 1.0
121 134 1.0
124 343 1.0
