0 465 1.0
0 469 1.0
1 309 1.0
1 453 1.0
2 453 1.0
3 482 1.0
4 159 1.0
4 482 1.0
5 210 1.0
5 461 1.0
6 21 1.0
8 61 1.0
13 25 1.0
19 344 1.0
21 508 1.0
25 137 1.0
25 397 1.0
30 174 1.0
31 151 1.0
39 30 1.0
40 279 1.0
43 456 1.0
47 394 1.0
51 94 1.0
53 39 1.0
53 94 1.0
55 290 1.0
55 480 1.0
56 27 1.0
58 442 1.0
59 125 1.0
61 391 1.0
62 46 1.0
63 15 1.0
63 395 1.0
68 480 1.0
69 267 1.0
70 20 1.0
71 20 1.0
71 371 1.0
73 372 1.0
76 91 1.0
79 299 1.0
81 191 1.0
82 299 1.0
83 271 1.0
83 299 1.0
84 175 1.0
86 489 1.0
87 489 1.0
89 368 1.0
90 88 1.0
90 471 1.0
90 504 1.0
92 504 1.0
95 43 1.0
96 43 1.0
97 375 1.0
101 120 1.0
101 483 1.0
104 434 1.0
108 197 1.0
108 469 1.0
114 57 1.0
114 65 1.0
114 239 1.0
115 65 1.0
115 74 1.0
115 497 1.0
119 279 1.0
119 304 1.0
120 195 1.0
123 37 1.0
123 349 1.0
125 250 1.0
126 201 1.0
