2 385 1.0
4 192 1.0
5 264 1.0
5 300 1.0
5 360 1.0
5 365 1.0
8 60 1.0
8 206 1.0
8 496 1.0
9 17 1.0
9 451 1.0
11 17 1.0
14 325 1.0
15 79 1.0
17 503 1.0
18 248 1.0
19 348 1.0
22 120 1.0
23 464 1.0
23 486 1.0
25 419 1.0
32 357 1.0
33 28 1.0
33 78 1.0
33 136 1.0
33 208 1.0
33 238 1.0
35 249 1.0
35 451 1.0
37 169 1.0
38 169 1.0
44 503 1.0
49 137 1.0
49 507 1.0
50 470 1.0
55 43 1.0
56 200 1.0
56 338 1.0
56 501 1.0
61 244 1.0
62 289 1.0
64 0 1.0
64 244 1.0
65 86 1.0
66 81 1.0
67 102 1.0
67 376 1.0
67 505 1.0
70 182 1.0
71 361 1.0
73 503 1.0
74 443 1.0
75 50 1.0
75 192 1.0
75 230 1.0
75 242 1.0
75 393 1.0
75 457 1.0
78 138 1.0
80 280 1.0
81 492 1.0
86 385 1.0
87 133 1.0
88 462 1.0
89 37 1.0
95 467 1.0
97 18 1.0
97 261 1.0
99 477 1.0
104 433 1.0
105 55 1.0
105 248 1.0
110 65 1.0
111 503 1.0
113 501 1.0
115 36 1.0
118 356 1.0
119 348 1.0
120 1 1.0
120 53 1.0
125 214 1.0
126 399 1.0
