1 189 1.0
3 322 1.0
4 392 1.0
4 510 1.0
8 319 1.0
11 148 1.0
11 398 1.0
12 70 1.0
12 111 1.0
13 228 1.0
13 490 1.0
14 13 1.0
15 86 1.0
17 25 1.0
18 385 1.0
20 90 1.0
20 202 1.0
22 402 1.0
24 372 1.0
26 307 1.0
27 305 1.0
28 305 1.0
29 86 1.0
32 41 1.0
32 231 1.0
32 233 1.0
33 330 1.0
37 86 1.0
43 263 1.0
43 278 1.0
44 0 1.0
44 244 1.0
45 175 1.0
46 117 1.0
47 84 1.0
47 443 1.0
48 461 1.0
49 214 1.0
50 321 1.0
52 263 1.0
52 278 1.0
52 279 1.0
52 508 1.0
53 501 1.0
54 485 1.0
55 485 1.0
56 8 1.0
61 52 1.0
63 96 1.0
73 58 1.0
73 86 1.0
75 342 1.0
75 345 1.0
75 451 1.0
79 321 1.0
90 221 1.0
90 269 1.0
90 280 1.0
90 508 1.0
92 305 1.0
92 401 1.0
93 305 1.0
94 309 1.0
95 232 1.0
99 22 1.0
99 371 1.0
100 336 1.0
102 37 1.0
102 65 1.0
103 39 1.0
104 357 1.0
106 98 1.0
111 107 1.0
111 375 1.0
111 398 1.0
112 0 1.0
112 244 1.0
114 326 1.0
116 53 1.0
117 270 1.0
118 424 1.0
121 109 1.0
123 300 1.0
124 199 1.0
124 461 1.0
