4 32 1.0
6 13 1.0
8 222 1.0
9 13 1.0
10 123 1.0
11 206 1.0
11 496 1.0
12 223 1.0
13 223 1.0
14 189 1.0
14 223 1.0
15 416 1.0
17 406 1.0
20 349 1.0
21 190 1.0
22 190 1.0
23 213 1.0
23 243 1.0
25 389 1.0
27 263 1.0
27 508 1.0
29 508 1.0
30 324 1.0
32 96 1.0
32 143 1.0
35 138 1.0
35 240 1.0
35 445 1.0
37 398 1.0
42 144 1.0
45 229 1.0
45 319 1.0
46 18 1.0
48 347 1.0
48 425 1.0
48 497 1.0
49 10 1.0
49 463 1.0
51 356 1.0
52 291 1.0
52 318 1.0
53 190 1.0
56 4 1.0
57 5 1.0
60 181 1.0
61 92 1.0
63 199 1.0
64 199 1.0
65 192 1.0
65 199 1.0
69 258 1.0
72 153 1.0
74 115 1.0
74 153 1.0
78 358 1.0
79 34 1.0
82 179 1.0
82 279 1.0
82 400 1.0
82 471 1.0
86 409 1.0
88 225 1.0
90 36 1.0
90 86 1.0
90 432 1.0
92 415 1.0
98 334 1.0
99 146 1.0
105 461 1.0
107 27 1.0
107 74 1.0
107 237 1.0
107 481 1.0
108 139 1.0
112 386 1.0
114 226 1.0
119 445 1.0
120 322 1.0
120 364 1.0
121 171 1.0
124 13 1.0
125 427 1.0
127 470 1.0
