1 364 1.0
2 70 1.0
2 129 1.0
2 216 1.0
2 377 1.0
5 455 1.0
6 327 1.0
6 440 1.0
7 79 1.0
9 417 1.0
14 171 1.0
14 191 1.0
20 439 1.0
22 161 1.0
23 171 1.0
24 511 1.0
25 323 1.0
25 358 1.0
33 334 1.0
39 152 1.0
39 153 1.0
42 71 1.0
42 301 1.0
43 460 1.0
45 145 1.0
46 134 1.0
46 229 1.0
48 148 1.0
49 392 1.0
50 21 1.0
50 48 1.0
50 134 1.0
50 169 1.0
50 221 1.0
50 227 1.0
50 322 1.0
50 343 1.0
50 459 1.0
50 466 1.0
52 229 1.0
54 217 1.0
54 248 1.0
54 307 1.0
55 108 1.0
60 49 1.0
60 273 1.0
63 181 1.0
65 59 1.0
65 426 1.0
70 334 1.0
71 301 1.0
72 226 1.0
74 481 1.0
75 503 1.0
77 334 1.0
81 190 1.0
81 334 1.0
81 475 1.0
82 389 1.0
85 334 1.0
85 365 1.0
86 48 1.0
86 488 1.0
90 334 1.0
96 270 1.0
97 149 1.0
97 321 1.0
100 235 1.0
101 130 1.0
101 334 1.0
103 459 1.0
104 385 1.0
108 282 1.0
108 334 1.0
112 170 1.0
112 342 1.0
114 384 1.0
114 390 1.0
114 391 1.0
115 330 1.0
115 390 1.0
115 391 1.0
115 417 1.0
117 1 1.0
117 18 1.0
118 77 1.0
121 241 1.0
126 179 1.0
