0 90 1.0
2 12 1.0
3 26 1.0
3 57 1.0
4 26 1.0
4 355 1.0
4 356 1.0
4 427 1.0
10 127 1.0
10 362 1.0
11 362 1.0
14 162 1.0
17 211 1.0
19 62 1.0
19 201 1.0
20 204 1.0
22 142 1.0
26 351 1.0
27 22 1.0
29 161 1.0
30 161 1.0
30 445 1.0
30 474 1.0
37 334 1.0
37 365 1.0
41 464 1.0
45 324 1.0
50 25 1.0
51 215 1.0
52 256 1.0
52 492 1.0
53 71 1.0
80 495 1.0
85 419 1.0
88 508 1.0
94 13 1.0
96 228 1.0
101 294 1.0
102 294 1.0
103 408 1.0
104 414 1.0
110 170 1.0
111 47 1.0
111 85 1.0
111 111 1.0
111 182 1.0
111 233 1.0
111 509 1.0
113 233 1.0
114 85 1.0
115 85 1.0
116 415 1.0
117 233 1.0
118 111 1.0
118 233 1.0
119 233 1.0
120 498 1.0
121 366 1.0
121 425 1.0
124 296 1.0
124 325 1.0
