2 69 1.0
7 27 1.0
12 293 1.0
13 354 1.0
15 328 1.0
20 157 1.0
23 82 1.0
24 507 1.0
29 311 1.0
33 468 1.0
35 52 1.0
37 188 1.0
40 335 1.0
41 180 1.0
41 181 1.0
45 328 1.0
46 334 1.0
46 335 1.0
48 234 1.0
48 357 1.0
49 408 1.0
55 173 1.0
58 239 1.0
58 480 1.0
60 416 1.0
62 52 1.0
63 45 1.0
65 447 1.0
66 120 1.0
68 30 1.0
68 355 1.0
69 200 1.0
70 232 1.0
71 229 1.0
72 433 1.0
75 291 1.0
75 494 1.0
78 98 1.0
79 141 1.0
79 374 1.0
81 303 1.0
82 230 1.0
87 445 1.0
88 200 1.0
90 134 1.0
90 454 1.0
91 48 1.0
93 20 1.0
93 282 1.0
96 162 1.0
99 391 1.0
99 392 1.0
99 394 1.0
99 474 1.0
99 475 1.0
100 51 1.0
100 228 1.0
102 78 1.0
103 482 1.0
105 265 1.0
108 120 1.0
110 278 1.0
117 338 1.0
125 335 1.0
126 319 1.0
