0 87 1.0
0 88 1.0
4 363 1.0
5 207 1.0
7 450 1.0
8 83 1.0
8 289 1.0
12 452 1.0
15 233 1.0
18 6 1.0
18 396 1.0
18 400 1.0
18 404 1.0
19 206 1.0
21 391 1.0
23 145 1.0
23 146 1.0
24 305 1.0
25 88 1.0
25 145 1.0
27 41 1.0
28 80 1.0
28 313 1.0
31 108 1.0
31 141 1.0
31 307 1.0
31 311 1.0
31 314 1.0
31 372 1.0
31 478 1.0
32 165 1.0
33 335 1.0
33 498 1.0
36 333 1.0
42 236 1.0
42 241 1.0
42 246 1.0
42 253 1.0
42 269 1.0
45 82 1.0
45 133 1.0
45 271 1.0
45 353 1.0
45 465 1.0
45 505 1.0
45 507 1.0
45 508 1.0
48 61 1.0
50 157 1.0
51 376 1.0
52 441 1.0
52 442 1.0
52 443 1.0
52 444 1.0
52 445 1.0
52 446 1.0
53 449 1.0
54 131 1.0
54 447 1.0
54 448 1.0
54 449 1.0
55 106 1.0
56 377 1.0
57 1 1.0
59 430 1.0
63 80 1.0
63 313 1.0
64 288 1.0
64 290 1.0
64 366 1.0
65 298 1.0
66 33 1.0
68 87 1.0
69 270 1.0
70 125 1.0
70 381 1.0
70 486 1.0
71 128 1.0
72 44 1.0
74 19 1.0
74 417 1.0
75 87 1.0
75 145 1.0
76 450 1.0
76 453 1.0
79 166 1.0
79 167 1.0
79 428 1.0
79 430 1.0
80 222 1.0
81 333 1.0
82 202 1.0
83 165 1.0
83 172 1.0
87 477 1.0
88 289 1.0
88 493 1.0
89 39 1.0
92 264 1.0
92 450 1.0
94 442 1.0
94 488 1.0
95 344 1.0
96 174 1.0
97 274 1.0
98 271 1.0
98 274 1.0
98 276 1.0
98 278 1.0
100 163 1.0
100 239 1.0
100 510 1.0
103 169 1.0
103 236 1.0
103 237 1.0
103 246 1.0
103 262 1.0
103 490 1.0
106 343 1.0
106 437 1.0
106 445 1.0
109 223 1.0
114 116 1.0
117 229 1.0
118 440 1.0
119 156 1.0
119 465 1.0
120 437 1.0
121 24 1.0
121 243 1.0
122 378 1.0
122 382 1.0
123 395 1.0
123 397 1.0
123 400 1.0
123 404 1.0
123 405 1.0
127 274 1.0
