0 370 1.0
1 360 1.0
5 219 1.0
5 251 1.0
5 253 1.0
5 338 1.0
5 402 1.0
5 507 1.0
6 370 1.0
6 371 1.0
7 370 1.0
7 371 1.0
7 392 1.0
8 6 1.0
8 30 1.0
8 61 1.0
8 74 1.0
8 149 1.0
8 305 1.0
10 78 1.0
18 480 1.0
26 445 1.0
31 200 1.0
33 50 1.0
33 241 1.0
33 265 1.0
33 371 1.0
33 454 1.0
34 432 1.0
36 154 1.0
40 102 1.0
40 505 1.0
42 321 1.0
43 194 1.0
46 2 1.0
47 441 1.0
55 276 1.0
55 490 1.0
56 181 1.0
56 262 1.0
59 52 1.0
60 146 1.0
64 240 1.0
65 165 1.0
68 404 1.0
71 261 1.0
75 306 1.0
75 359 1.0
75 389 1.0
76 299 1.0
80 411 1.0
82 306 1.0
85 429 1.0
86 88 1.0
86 436 1.0
87 93 1.0
87 437 1.0
91 337 1.0
93 116 1.0
97 36 1.0
97 330 1.0
99 118 1.0
99 446 1.0
101 189 1.0
104 342 1.0
109 74 1.0
111 147 1.0
112 83 1.0
113 98 1.0
114 39 1.0
116 434 1.0
119 60 1.0
119 88 1.0
119 331 1.0
119 415 1.0
120 427 1.0
122 43 1.0
122 89 1.0
123 248 1.0
123 443 1.0
124 39 1.0
125 492 1.0
127 95 1.0
127 280 1.0
