1 334 1.0
2 259 1.0
2 459 1.0
3 258 1.0
4 79 1.0
4 334 1.0
7 140 1.0
7 334 1.0
8 285 1.0
10 189 1.0
11 200 1.0
12 293 1.0
12 334 1.0
15 147 1.0
21 291 1.0
21 292 1.0
23 2 1.0
24 156 1.0
25 334 1.0
26 293 1.0
27 420 1.0
28 205 1.0
28 230 1.0
29 264 1.0
29 314 1.0
31 288 1.0
31 289 1.0
32 287 1.0
32 289 1.0
33 287 1.0
33 288 1.0
34 245 1.0
35 277 1.0
36 277 1.0
37 16 1.0
37 124 1.0
37 268 1.0
37 282 1.0
40 26 1.0
40 325 1.0
40 467 1.0
45 71 1.0
47 304 1.0
48 303 1.0
50 180 1.0
56 428 1.0
58 285 1.0
59 334 1.0
60 389 1.0
61 200 1.0
62 26 1.0
62 206 1.0
63 483 1.0
69 296 1.0
70 419 1.0
71 338 1.0
71 511 1.0
74 159 1.0
75 147 1.0
78 14 1.0
78 16 1.0
78 17 1.0
78 46 1.0
78 48 1.0
78 79 1.0
78 99 1.0
78 121 1.0
78 125 1.0
78 130 1.0
78 145 1.0
78 165 1.0
78 181 1.0
78 185 1.0
78 205 1.0
78 214 1.0
78 219 1.0
78 257 1.0
78 260 1.0
78 263 1.0
78 268 1.0
78 281 1.0
78 315 1.0
78 360 1.0
78 365 1.0
78 420 1.0
78 447 1.0
78 456 1.0
78 459 1.0
78 468 1.0
78 475 1.0
78 492 1.0
79 440 1.0
81 504 1.0
82 327 1.0
82 348 1.0
83 389 1.0
86 170 1.0
87 172 1.0
89 70 1.0
89 506 1.0
90 200 1.0
90 501 1.0
91 369 1.0
92 338 1.0
99 356 1.0
100 26 1.0
100 355 1.0
102 478 1.0
104 205 1.0
104 334 1.0
107 166 1.0
109 334 1.0
113 347 1.0
116 375 1.0
116 397 1.0
118 504 1.0
119 372 1.0
119 477 1.0
121 129 1.0
122 139 1.0
122 458 1.0
125 29 1.0
125 484 1.0
127 239 1.0
