2 446 1.0
2 481 1.0
4 423 1.0
5 87 1.0
5 134 1.0
5 241 1.0
5 248 1.0
5 509 1.0
10 240 1.0
11 87 1.0
11 244 1.0
11 509 1.0
13 498 1.0
14 92 1.0
15 165 1.0
16 57 1.0
17 57 1.0
18 371 1.0
18 391 1.0
19 440 1.0
21 119 1.0
21 489 1.0
22 406 1.0
23 450 1.0
25 87 1.0
25 509 1.0
26 32 1.0
26 216 1.0
26 217 1.0
26 218 1.0
27 153 1.0
27 200 1.0
27 227 1.0
28 153 1.0
28 227 1.0
29 165 1.0
29 334 1.0
30 165 1.0
30 498 1.0
32 450 1.0
32 464 1.0
32 473 1.0
33 474 1.0
34 131 1.0
41 458 1.0
43 12 1.0
44 156 1.0
45 50 1.0
46 206 1.0
47 378 1.0
49 103 1.0
51 450 1.0
52 271 1.0
52 468 1.0
52 501 1.0
53 147 1.0
55 301 1.0
57 467 1.0
58 0 1.0
58 136 1.0
60 191 1.0
63 141 1.0
63 255 1.0
63 462 1.0
71 333 1.0
73 165 1.0
73 450 1.0
75 333 1.0
77 165 1.0
77 333 1.0
82 78 1.0
82 90 1.0
82 135 1.0
82 369 1.0
82 370 1.0
82 371 1.0
83 372 1.0
83 373 1.0
85 57 1.0
87 165 1.0
87 450 1.0
87 509 1.0
88 6 1.0
88 165 1.0
91 6 1.0
95 225 1.0
96 274 1.0
96 498 1.0
98 165 1.0
100 185 1.0
100 335 1.0
101 358 1.0
102 274 1.0
103 165 1.0
103 332 1.0
104 165 1.0
104 328 1.0
104 450 1.0
107 165 1.0
108 36 1.0
108 509 1.0
108 510 1.0
110 292 1.0
111 223 1.0
111 373 1.0
111 485 1.0
112 156 1.0
116 74 1.0
118 151 1.0
120 428 1.0
121 348 1.0
121 442 1.0
123 6 1.0
123 397 1.0
124 437 1.0
