5 53 1.0
5 459 1.0
6 84 1.0
8 391 1.0
10 39 1.0
10 40 1.0
11 123 1.0
12 193 1.0
13 72 1.0
15 65 1.0
16 330 1.0
17 41 1.0
17 72 1.0
17 136 1.0
18 389 1.0
19 13 1.0
19 359 1.0
20 146 1.0
20 452 1.0
21 251 1.0
26 155 1.0
27 72 1.0
27 464 1.0
31 150 1.0
31 285 1.0
31 503 1.0
33 48 1.0
40 179 1.0
43 504 1.0
44 233 1.0
45 469 1.0
48 418 1.0
50 93 1.0
50 500 1.0
52 15 1.0
52 107 1.0
52 308 1.0
52 470 1.0
53 471 1.0
55 145 1.0
56 272 1.0
57 431 1.0
58 27 1.0
59 240 1.0
59 507 1.0
61 410 1.0
62 483 1.0
65 256 1.0
68 234 1.0
70 417 1.0
73 177 1.0
74 98 1.0
74 252 1.0
77 179 1.0
78 24 1.0
81 379 1.0
82 281 1.0
82 334 1.0
83 148 1.0
84 287 1.0
84 289 1.0
86 73 1.0
86 91 1.0
88 158 1.0
88 159 1.0
90 157 1.0
92 116 1.0
96 402 1.0
97 263 1.0
100 343 1.0
101 18 1.0
105 334 1.0
106 107 1.0
106 285 1.0
106 439 1.0
108 233 1.0
108 509 1.0
109 220 1.0
111 303 1.0
111 304 1.0
117 334 1.0
121 156 1.0
121 227 1.0
121 234 1.0
121 280 1.0
121 424 1.0
122 328 1.0
123 152 1.0
123 187 1.0
123 276 1.0
123 339 1.0
123 389 1.0
125 77 1.0
126 107 1.0
126 147 1.0
