0 372 1.0
2 424 1.0
3 359 1.0
4 129 1.0
10 35 1.0
11 108 1.0
15 32 1.0
16 42 1.0
17 392 1.0
17 394 1.0
17 474 1.0
17 475 1.0
18 99 1.0
23 147 1.0
25 72 1.0
25 74 1.0
27 316 1.0
27 424 1.0
32 408 1.0
35 308 1.0
36 187 1.0
40 151 1.0
43 121 1.0
46 318 1.0
47 311 1.0
47 324 1.0
51 82 1.0
53 60 1.0
54 468 1.0
55 271 1.0
59 279 1.0
61 14 1.0
62 21 1.0
62 22 1.0
62 53 1.0
63 449 1.0
64 65 1.0
64 402 1.0
66 190 1.0
68 164 1.0
68 168 1.0
70 164 1.0
70 165 1.0
71 63 1.0
71 64 1.0
71 65 1.0
72 432 1.0
75 243 1.0
76 361 1.0
78 11 1.0
78 213 1.0
82 452 1.0
82 453 1.0
84 346 1.0
84 347 1.0
85 23 1.0
88 340 1.0
88 505 1.0
89 486 1.0
91 151 1.0
91 155 1.0
93 220 1.0
93 243 1.0
93 253 1.0
93 254 1.0
93 255 1.0
93 256 1.0
94 8 1.0
94 149 1.0
94 154 1.0
94 229 1.0
95 12 1.0
95 13 1.0
95 14 1.0
96 149 1.0
96 154 1.0
97 88 1.0
97 130 1.0
98 114 1.0
101 45 1.0
108 505 1.0
109 107 1.0
111 150 1.0
111 154 1.0
112 35 1.0
112 403 1.0
114 402 1.0
115 23 1.0
116 138 1.0
116 139 1.0
117 373 1.0
118 444 1.0
120 411 1.0
120 412 1.0
122 400 1.0
125 319 1.0
127 266 1.0
