2 137 1.0
4 6 1.0
9 200 1.0
10 121 1.0
11 121 1.0
13 238 1.0
14 35 1.0
19 315 1.0
21 35 1.0
21 120 1.0
22 290 1.0
22 291 1.0
22 292 1.0
29 317 1.0
30 23 1.0
31 452 1.0
42 449 1.0
44 151 1.0
44 152 1.0
50 120 1.0
51 106 1.0
52 7 1.0
52 285 1.0
55 493 1.0
56 23 1.0
56 437 1.0
59 198 1.0
60 428 1.0
62 319 1.0
63 393 1.0
63 412 1.0
66 6 1.0
66 24 1.0
66 25 1.0
66 26 1.0
72 76 1.0
72 78 1.0
72 441 1.0
74 508 1.0
74 509 1.0
74 510 1.0
75 76 1.0
80 2 1.0
83 221 1.0
84 402 1.0
86 377 1.0
92 5 1.0
92 6 1.0
92 7 1.0
92 8 1.0
92 9 1.0
92 124 1.0
94 179 1.0
95 148 1.0
98 345 1.0
99 335 1.0
100 91 1.0
100 93 1.0
105 447 1.0
111 112 1.0
111 161 1.0
119 88 1.0
119 234 1.0
119 247 1.0
119 336 1.0
124 106 1.0
126 333 1.0
126 350 1.0
