0 448 1.0
1 504 1.0
2 290 1.0
3 78 1.0
6 349 1.0
7 322 1.0
12 145 1.0
12 334 1.0
14 192 1.0
17 393 1.0
17 395 1.0
18 481 1.0
25 141 1.0
26 262 1.0
28 417 1.0
29 336 1.0
30 221 1.0
36 499 1.0
37 473 1.0
40 145 1.0
40 334 1.0
41 103 1.0
43 439 1.0
46 165 1.0
47 158 1.0
50 459 1.0
51 313 1.0
52 238 1.0
53 14 1.0
53 337 1.0
53 374 1.0
53 504 1.0
55 238 1.0
55 489 1.0
56 92 1.0
56 199 1.0
60 392 1.0
61 289 1.0
65 39 1.0
65 105 1.0
65 494 1.0
66 81 1.0
67 110 1.0
68 334 1.0
74 194 1.0
74 200 1.0
75 8 1.0
77 134 1.0
78 417 1.0
79 54 1.0
79 399 1.0
81 91 1.0
81 450 1.0
83 232 1.0
85 80 1.0
86 76 1.0
86 83 1.0
86 273 1.0
86 275 1.0
86 277 1.0
86 449 1.0
87 69 1.0
87 247 1.0
91 224 1.0
92 327 1.0
93 83 1.0
95 189 1.0
97 17 1.0
97 334 1.0
101 334 1.0
102 451 1.0
104 334 1.0
109 308 1.0
112 18 1.0
112 208 1.0
113 0 1.0
114 334 1.0
116 145 1.0
120 406 1.0
