2 276 1.0
3 276 1.0
4 402 1.0
5 134 1.0
10 210 1.0
11 106 1.0
13 370 1.0
20 460 1.0
21 92 1.0
23 115 1.0
27 488 1.0
29 54 1.0
29 55 1.0
29 130 1.0
31 32 1.0
33 359 1.0
37 172 1.0
37 173 1.0
41 453 1.0
42 217 1.0
44 217 1.0
45 15 1.0
45 199 1.0
46 15 1.0
47 113 1.0
48 112 1.0
50 20 1.0
53 147 1.0
53 264 1.0
55 39 1.0
55 42 1.0
58 337 1.0
61 377 1.0
63 117 1.0
63 268 1.0
64 267 1.0
68 115 1.0
71 86 1.0
71 234 1.0
74 222 1.0
77 122 1.0
79 230 1.0
79 432 1.0
80 443 1.0
85 461 1.0
85 471 1.0
86 200 1.0
87 32 1.0
87 95 1.0
88 505 1.0
90 226 1.0
90 437 1.0
96 184 1.0
97 20 1.0
97 21 1.0
97 22 1.0
97 340 1.0
98 10 1.0
98 102 1.0
102 128 1.0
102 235 1.0
105 287 1.0
108 133 1.0
108 149 1.0
112 164 1.0
114 89 1.0
115 24 1.0
115 141 1.0
115 218 1.0
115 219 1.0
116 61 1.0
116 180 1.0
116 346 1.0
116 347 1.0
119 179 1.0
119 261 1.0
119 346 1.0
123 269 1.0
124 327 1.0
126 339 1.0
