0 107 1.0
0 368 1.0
2 466 1.0
2 467 1.0
5 192 1.0
5 415 1.0
6 203 1.0
6 204 1.0
6 334 1.0
7 486 1.0
8 220 1.0
11 84 1.0
17 172 1.0
17 428 1.0
17 444 1.0
19 311 1.0
22 346 1.0
23 311 1.0
26 302 1.0
32 52 1.0
33 301 1.0
33 310 1.0
34 487 1.0
37 311 1.0
39 193 1.0
39 291 1.0
44 252 1.0
48 159 1.0
48 366 1.0
49 166 1.0
49 485 1.0
50 288 1.0
50 328 1.0
50 476 1.0
51 107 1.0
55 242 1.0
55 416 1.0
64 398 1.0
64 455 1.0
66 68 1.0
72 103 1.0
72 104 1.0
72 105 1.0
72 106 1.0
72 107 1.0
72 108 1.0
74 480 1.0
77 391 1.0
77 392 1.0
77 393 1.0
77 394 1.0
81 385 1.0
83 78 1.0
84 431 1.0
88 189 1.0
90 98 1.0
90 100 1.0
93 32 1.0
97 508 1.0
97 510 1.0
98 459 1.0
103 200 1.0
104 127 1.0
104 128 1.0
105 200 1.0
105 201 1.0
105 470 1.0
105 490 1.0
107 294 1.0
108 202 1.0
109 82 1.0
113 243 1.0
116 261 1.0
117 179 1.0
119 319 1.0
121 76 1.0
121 77 1.0
121 78 1.0
121 81 1.0
126 220 1.0
126 257 1.0
126 258 1.0
127 138 1.0
127 155 1.0
