3 170 1.0
4 402 1.0
6 222 1.0
7 221 1.0
9 212 1.0
9 302 1.0
11 211 1.0
11 212 1.0
12 346 1.0
12 348 1.0
13 61 1.0
13 62 1.0
13 346 1.0
19 398 1.0
20 288 1.0
20 328 1.0
20 472 1.0
20 476 1.0
21 472 1.0
25 311 1.0
27 11 1.0
27 23 1.0
28 211 1.0
33 223 1.0
33 224 1.0
33 225 1.0
33 226 1.0
33 227 1.0
34 414 1.0
35 192 1.0
35 351 1.0
36 275 1.0
51 32 1.0
51 170 1.0
52 301 1.0
52 310 1.0
53 200 1.0
55 83 1.0
55 84 1.0
55 85 1.0
59 124 1.0
61 298 1.0
61 301 1.0
61 310 1.0
62 505 1.0
64 139 1.0
66 213 1.0
66 287 1.0
67 421 1.0
67 422 1.0
69 18 1.0
69 19 1.0
73 284 1.0
73 287 1.0
74 84 1.0
75 35 1.0
75 65 1.0
75 160 1.0
76 335 1.0
76 450 1.0
76 472 1.0
79 89 1.0
82 37 1.0
82 279 1.0
90 301 1.0
92 137 1.0
93 180 1.0
93 347 1.0
94 115 1.0
95 193 1.0
95 195 1.0
96 161 1.0
97 38 1.0
97 59 1.0
99 388 1.0
100 69 1.0
102 339 1.0
104 97 1.0
107 134 1.0
107 186 1.0
111 60 1.0
111 287 1.0
115 401 1.0
116 451 1.0
118 51 1.0
118 377 1.0
119 226 1.0
119 402 1.0
121 302 1.0
122 192 1.0
122 416 1.0
127 107 1.0
127 245 1.0
