0 127 1.0
1 319 1.0
1 323 1.0
4 134 1.0
4 135 1.0
5 26 1.0
5 148 1.0
5 149 1.0
5 154 1.0
6 24 1.0
6 83 1.0
6 85 1.0
6 124 1.0
6 132 1.0
6 150 1.0
6 183 1.0
6 184 1.0
6 185 1.0
7 132 1.0
10 151 1.0
17 146 1.0
18 145 1.0
18 147 1.0
19 146 1.0
20 133 1.0
21 133 1.0
22 7 1.0
22 134 1.0
23 138 1.0
23 152 1.0
23 153 1.0
24 151 1.0
25 151 1.0
26 133 1.0
27 282 1.0
27 463 1.0
28 473 1.0
31 193 1.0
35 308 1.0
36 168 1.0
38 168 1.0
39 168 1.0
40 164 1.0
40 166 1.0
40 167 1.0
41 116 1.0
44 173 1.0
44 477 1.0
45 172 1.0
45 459 1.0
46 176 1.0
46 177 1.0
47 176 1.0
48 174 1.0
48 175 1.0
48 177 1.0
48 178 1.0
49 174 1.0
49 176 1.0
50 176 1.0
51 180 1.0
52 179 1.0
52 346 1.0
52 347 1.0
54 248 1.0
55 134 1.0
55 244 1.0
56 134 1.0
57 134 1.0
57 243 1.0
60 189 1.0
61 188 1.0
61 190 1.0
62 189 1.0
62 191 1.0
62 192 1.0
63 190 1.0
64 190 1.0
64 351 1.0
65 159 1.0
65 194 1.0
66 193 1.0
66 491 1.0
67 196 1.0
67 197 1.0
67 198 1.0
68 195 1.0
69 195 1.0
69 198 1.0
70 195 1.0
70 197 1.0
70 199 1.0
71 198 1.0
71 461 1.0
71 495 1.0
72 201 1.0
73 82 1.0
73 200 1.0
73 470 1.0
75 204 1.0
76 203 1.0
83 287 1.0
83 289 1.0
87 442 1.0
90 219 1.0
90 273 1.0
90 316 1.0
91 218 1.0
92 243 1.0
93 222 1.0
94 221 1.0
94 327 1.0
101 26 1.0
103 418 1.0
105 357 1.0
106 87 1.0
106 116 1.0
108 237 1.0
109 236 1.0
109 238 1.0
110 237 1.0
111 240 1.0
112 239 1.0
113 416 1.0
114 416 1.0
114 448 1.0
115 185 1.0
115 220 1.0
115 244 1.0
116 183 1.0
116 243 1.0
117 107 1.0
118 107 1.0
119 107 1.0
120 182 1.0
121 250 1.0
121 251 1.0
122 249 1.0
123 249 1.0
127 493 1.0
