1 392 1.0
2 392 1.0
3 392 1.0
4 392 1.0
5 18 1.0
5 392 1.0
6 18 1.0
6 392 1.0
7 128 1.0
7 194 1.0
7 411 1.0
8 320 1.0
8 423 1.0
9 244 1.0
10 107 1.0
11 389 1.0
12 389 1.0
13 276 1.0
13 389 1.0
14 389 1.0
15 152 1.0
15 153 1.0
15 389 1.0
16 389 1.0
20 276 1.0
21 276 1.0
21 310 1.0
23 316 1.0
25 248 1.0
27 248 1.0
29 197 1.0
30 30 1.0
30 217 1.0
30 248 1.0
30 310 1.0
30 408 1.0
32 7 1.0
33 446 1.0
34 104 1.0
34 417 1.0
35 144 1.0
35 155 1.0
35 202 1.0
36 202 1.0
37 331 1.0
37 417 1.0
38 213 1.0
38 417 1.0
40 336 1.0
42 252 1.0
46 210 1.0
52 327 1.0
52 378 1.0
53 309 1.0
53 458 1.0
53 501 1.0
55 200 1.0
55 346 1.0
55 397 1.0
57 502 1.0
61 502 1.0
64 154 1.0
64 242 1.0
64 505 1.0
66 71 1.0
66 103 1.0
66 125 1.0
66 142 1.0
66 410 1.0
66 429 1.0
67 271 1.0
72 161 1.0
77 323 1.0
78 173 1.0
95 285 1.0
97 463 1.0
103 488 1.0
104 308 1.0
105 86 1.0
105 96 1.0
105 333 1.0
105 474 1.0
107 215 1.0
112 312 1.0
113 312 1.0
114 2 1.0
114 246 1.0
114 249 1.0
114 295 1.0
114 312 1.0
114 424 1.0
114 473 1.0
115 300 1.0
125 224 1.0
125 313 1.0
125 424 1.0
