1 369 1.0
3 231 1.0
4 118 1.0
5 344 1.0
5 359 1.0
7 68 1.0
7 493 1.0
8 128 1.0
15 133 1.0
17 54 1.0
17 104 1.0
18 507 1.0
19 464 1.0
22 134 1.0
22 350 1.0
22 505 1.0
23 409 1.0
24 315 1.0
24 347 1.0
25 407 1.0
28 56 1.0
29 374 1.0
31 88 1.0
31 204 1.0
31 300 1.0
33 306 1.0
34 269 1.0
35 349 1.0
36 199 1.0
39 81 1.0
39 315 1.0
39 347 1.0
40 436 1.0
42 109 1.0
42 306 1.0
42 487 1.0
44 368 1.0
45 38 1.0
45 86 1.0
45 196 1.0
49 436 1.0
51 486 1.0
52 424 1.0
52 433 1.0
52 483 1.0
52 498 1.0
53 498 1.0
56 441 1.0
57 70 1.0
57 129 1.0
57 193 1.0
57 344 1.0
57 440 1.0
57 454 1.0
58 196 1.0
58 286 1.0
60 488 1.0
62 118 1.0
63 56 1.0
64 472 1.0
65 73 1.0
68 133 1.0
68 306 1.0
70 118 1.0
70 441 1.0
72 95 1.0
72 142 1.0
73 51 1.0
74 125 1.0
74 193 1.0
75 109 1.0
75 153 1.0
80 403 1.0
81 349 1.0
88 264 1.0
88 448 1.0
89 194 1.0
89 243 1.0
92 10 1.0
92 306 1.0
93 380 1.0
95 132 1.0
98 218 1.0
99 120 1.0
99 436 1.0
100 103 1.0
101 62 1.0
102 435 1.0
103 112 1.0
103 306 1.0
103 426 1.0
104 444 1.0
107 190 1.0
109 391 1.0
114 88 1.0
114 323 1.0
114 356 1.0
114 436 1.0
114 437 1.0
118 279 1.0
118 285 1.0
121 406 1.0
123 40 1.0
123 219 1.0
123 251 1.0
123 253 1.0
123 254 1.0
123 402 1.0
