4 127 1.0
4 299 1.0
5 219 1.0
8 29 1.0
8 135 1.0
10 65 1.0
12 260 1.0
12 501 1.0
14 375 1.0
15 381 1.0
18 363 1.0
27 108 1.0
28 126 1.0
28 296 1.0
36 150 1.0
37 22 1.0
37 371 1.0
39 149 1.0
39 342 1.0
39 461 1.0
42 106 1.0
51 274 1.0
52 183 1.0
53 11 1.0
54 133 1.0
56 5 1.0
58 165 1.0
61 240 1.0
64 272 1.0
65 287 1.0
67 194 1.0
67 293 1.0
68 222 1.0
68 224 1.0
68 453 1.0
69 327 1.0
69 452 1.0
72 86 1.0
73 192 1.0
76 488 1.0
77 118 1.0
77 159 1.0
77 170 1.0
77 368 1.0
77 423 1.0
80 486 1.0
82 486 1.0
83 12 1.0
84 77 1.0
88 31 1.0
89 248 1.0
89 336 1.0
92 356 1.0
96 84 1.0
97 190 1.0
98 67 1.0
102 464 1.0
102 466 1.0
104 460 1.0
106 110 1.0
106 228 1.0
107 86 1.0
110 222 1.0
110 224 1.0
111 14 1.0
115 229 1.0
115 319 1.0
116 183 1.0
117 18 1.0
117 324 1.0
117 368 1.0
117 396 1.0
119 186 1.0
120 49 1.0
120 83 1.0
121 79 1.0
126 29 1.0
