0 62 1.0
3 2 1.0
5 288 1.0
5 290 1.0
5 359 1.0
5 362 1.0
5 363 1.0
5 364 1.0
5 365 1.0
10 21 1.0
10 149 1.0
10 220 1.0
11 131 1.0
11 448 1.0
11 487 1.0
11 488 1.0
17 193 1.0
17 204 1.0
19 267 1.0
20 87 1.0
21 342 1.0
21 343 1.0
21 344 1.0
21 345 1.0
21 346 1.0
21 347 1.0
21 348 1.0
21 349 1.0
24 165 1.0
26 314 1.0
26 437 1.0
31 489 1.0
33 371 1.0
33 450 1.0
34 371 1.0
36 419 1.0
41 450 1.0
47 10 1.0
47 50 1.0
47 74 1.0
47 174 1.0
47 185 1.0
47 189 1.0
49 185 1.0
51 498 1.0
53 315 1.0
55 145 1.0
55 146 1.0
55 254 1.0
55 462 1.0
56 34 1.0
59 165 1.0
59 509 1.0
60 155 1.0
62 101 1.0
63 425 1.0
64 207 1.0
69 360 1.0
69 367 1.0
76 274 1.0
76 285 1.0
77 371 1.0
79 87 1.0
79 274 1.0
82 31 1.0
82 338 1.0
85 116 1.0
89 165 1.0
92 220 1.0
93 146 1.0
93 281 1.0
93 282 1.0
93 472 1.0
93 475 1.0
93 499 1.0
94 305 1.0
95 7 1.0
95 345 1.0
95 422 1.0
96 95 1.0
96 305 1.0
97 94 1.0
97 438 1.0
98 391 1.0
99 7 1.0
99 345 1.0
99 422 1.0
100 497 1.0
102 84 1.0
102 207 1.0
103 34 1.0
103 450 1.0
105 450 1.0
105 459 1.0
105 473 1.0
106 470 1.0
107 2 1.0
108 14 1.0
108 32 1.0
108 81 1.0
108 196 1.0
113 344 1.0
115 362 1.0
116 156 1.0
118 226 1.0
119 167 1.0
123 99 1.0
124 70 1.0
124 76 1.0
126 332 1.0
127 165 1.0
