3 416 1.0
3 417 1.0
3 499 1.0
4 56 1.0
5 57 1.0
6 375 1.0
10 49 1.0
11 358 1.0
12 428 1.0
13 6 1.0
13 9 1.0
13 124 1.0
13 132 1.0
13 133 1.0
13 134 1.0
13 135 1.0
17 212 1.0
18 46 1.0
19 260 1.0
21 418 1.0
23 344 1.0
25 144 1.0
27 107 1.0
28 479 1.0
32 4 1.0
32 151 1.0
32 299 1.0
34 79 1.0
36 90 1.0
39 340 1.0
40 153 1.0
48 478 1.0
50 402 1.0
52 428 1.0
53 231 1.0
57 464 1.0
58 382 1.0
60 370 1.0
61 359 1.0
63 235 1.0
64 300 1.0
65 303 1.0
65 304 1.0
65 305 1.0
65 306 1.0
68 396 1.0
68 397 1.0
70 500 1.0
70 501 1.0
71 176 1.0
71 177 1.0
72 241 1.0
72 415 1.0
72 416 1.0
73 478 1.0
74 107 1.0
76 335 1.0
79 424 1.0
82 147 1.0
83 128 1.0
86 90 1.0
88 346 1.0
89 181 1.0
92 61 1.0
93 486 1.0
94 182 1.0
94 312 1.0
94 313 1.0
96 32 1.0
97 398 1.0
97 399 1.0
97 400 1.0
98 239 1.0
98 240 1.0
98 433 1.0
100 187 1.0
102 422 1.0
103 395 1.0
104 317 1.0
104 455 1.0
108 486 1.0
111 241 1.0
111 416 1.0
114 508 1.0
114 510 1.0
115 74 1.0
115 190 1.0
115 287 1.0
116 498 1.0
119 310 1.0
122 179 1.0
123 10 1.0
124 185 1.0
126 339 1.0
