1 132 1.0
3 489 1.0
10 179 1.0
10 181 1.0
11 325 1.0
12 403 1.0
13 495 1.0
13 503 1.0
14 232 1.0
15 339 1.0
15 450 1.0
20 85 1.0
23 117 1.0
23 232 1.0
23 296 1.0
23 375 1.0
24 107 1.0
25 196 1.0
25 199 1.0
27 202 1.0
28 174 1.0
28 175 1.0
28 176 1.0
28 177 1.0
28 178 1.0
34 311 1.0
43 335 1.0
43 338 1.0
43 339 1.0
43 450 1.0
45 444 1.0
47 95 1.0
48 375 1.0
50 0 1.0
50 30 1.0
50 32 1.0
50 36 1.0
50 37 1.0
50 38 1.0
50 39 1.0
50 40 1.0
50 41 1.0
50 42 1.0
50 43 1.0
53 220 1.0
53 257 1.0
57 248 1.0
59 184 1.0
68 108 1.0
68 146 1.0
71 15 1.0
71 16 1.0
74 75 1.0
75 432 1.0
76 74 1.0
84 415 1.0
88 275 1.0
92 200 1.0
92 202 1.0
93 379 1.0
94 36 1.0
94 37 1.0
94 41 1.0
94 42 1.0
97 459 1.0
98 405 1.0
100 68 1.0
109 421 1.0
111 35 1.0
111 403 1.0
112 201 1.0
112 345 1.0
113 436 1.0
114 221 1.0
115 327 1.0
116 329 1.0
118 98 1.0
118 99 1.0
118 101 1.0
119 353 1.0
119 386 1.0
119 387 1.0
121 243 1.0
125 470 1.0
125 490 1.0
127 220 1.0
