3 7 1.0
5 192 1.0
5 393 1.0
8 208 1.0
9 227 1.0
10 65 1.0
10 337 1.0
11 128 1.0
13 153 1.0
13 367 1.0
14 218 1.0
15 32 1.0
17 221 1.0
18 264 1.0
19 294 1.0
21 226 1.0
23 183 1.0
24 13 1.0
24 222 1.0
26 164 1.0
30 199 1.0
31 13 1.0
31 81 1.0
31 225 1.0
31 306 1.0
31 339 1.0
31 454 1.0
32 7 1.0
38 33 1.0
39 13 1.0
39 15 1.0
43 53 1.0
44 484 1.0
45 11 1.0
45 193 1.0
45 282 1.0
45 351 1.0
49 244 1.0
51 221 1.0
52 156 1.0
52 304 1.0
52 366 1.0
52 373 1.0
53 206 1.0
53 438 1.0
54 206 1.0
54 275 1.0
56 213 1.0
56 383 1.0
57 159 1.0
58 76 1.0
58 115 1.0
58 186 1.0
59 498 1.0
60 3 1.0
60 70 1.0
60 111 1.0
60 316 1.0
61 397 1.0
62 391 1.0
67 159 1.0
67 423 1.0
70 69 1.0
70 461 1.0
72 13 1.0
72 32 1.0
72 155 1.0
81 384 1.0
82 458 1.0
84 135 1.0
85 108 1.0
86 140 1.0
86 342 1.0
86 345 1.0
87 501 1.0
88 47 1.0
88 332 1.0
93 418 1.0
94 2 1.0
96 86 1.0
96 175 1.0
97 311 1.0
98 278 1.0
99 304 1.0
100 30 1.0
101 327 1.0
103 143 1.0
103 347 1.0
106 314 1.0
108 176 1.0
108 444 1.0
112 84 1.0
112 199 1.0
112 480 1.0
119 64 1.0
121 61 1.0
121 331 1.0
122 501 1.0
123 300 1.0
126 501 1.0
127 37 1.0
