4 503 1.0
5 457 1.0
6 322 1.0
11 50 1.0
12 50 1.0
12 477 1.0
13 285 1.0
15 223 1.0
15 292 1.0
19 440 1.0
24 413 1.0
28 399 1.0
28 445 1.0
28 448 1.0
28 490 1.0
29 367 1.0
29 500 1.0
31 439 1.0
33 95 1.0
33 498 1.0
35 41 1.0
35 481 1.0
36 417 1.0
37 28 1.0
37 51 1.0
37 76 1.0
37 188 1.0
37 217 1.0
37 275 1.0
37 299 1.0
37 310 1.0
37 313 1.0
37 416 1.0
37 429 1.0
37 455 1.0
38 210 1.0
38 216 1.0
38 341 1.0
39 210 1.0
39 341 1.0
39 393 1.0
41 169 1.0
41 265 1.0
43 417 1.0
44 334 1.0
45 334 1.0
46 334 1.0
47 334 1.0
48 334 1.0
49 334 1.0
50 130 1.0
50 145 1.0
50 334 1.0
51 130 1.0
51 334 1.0
52 175 1.0
52 190 1.0
52 334 1.0
53 90 1.0
53 334 1.0
54 79 1.0
54 334 1.0
54 406 1.0
55 145 1.0
55 293 1.0
55 334 1.0
56 145 1.0
56 293 1.0
56 334 1.0
57 334 1.0
58 334 1.0
59 334 1.0
60 334 1.0
61 46 1.0
61 48 1.0
61 334 1.0
61 403 1.0
62 334 1.0
62 459 1.0
63 334 1.0
64 334 1.0
65 334 1.0
66 334 1.0
67 145 1.0
67 334 1.0
68 200 1.0
68 334 1.0
69 48 1.0
69 334 1.0
70 145 1.0
70 334 1.0
71 258 1.0
71 334 1.0
71 388 1.0
71 459 1.0
72 334 1.0
73 145 1.0
73 185 1.0
73 334 1.0
74 334 1.0
75 293 1.0
75 334 1.0
76 11 1.0
76 48 1.0
76 334 1.0
77 285 1.0
77 334 1.0
78 130 1.0
78 334 1.0
78 403 1.0
79 334 1.0
79 388 1.0
79 459 1.0
80 334 1.0
81 190 1.0
81 334 1.0
81 462 1.0
82 257 1.0
82 334 1.0
83 124 1.0
83 334 1.0
84 79 1.0
84 257 1.0
84 334 1.0
85 205 1.0
85 334 1.0
86 334 1.0
86 496 1.0
87 334 1.0
87 402 1.0
88 334 1.0
89 315 1.0
89 334 1.0
90 334 1.0
91 334 1.0
92 334 1.0
93 334 1.0
94 334 1.0
95 334 1.0
96 79 1.0
96 334 1.0
97 181 1.0
97 232 1.0
97 334 1.0
98 334 1.0
99 334 1.0
100 334 1.0
101 16 1.0
101 334 1.0
101 468 1.0
101 496 1.0
102 334 1.0
106 221 1.0
109 21 1.0
112 258 1.0
112 259 1.0
112 475 1.0
114 343 1.0
120 48 1.0
124 481 1.0
127 173 1.0
