5 306 1.0
6 306 1.0
6 329 1.0
6 487 1.0
7 306 1.0
8 476 1.0
10 306 1.0
11 77 1.0
11 354 1.0
12 306 1.0
13 109 1.0
13 306 1.0
13 426 1.0
14 453 1.0
15 180 1.0
15 429 1.0
15 482 1.0
18 13 1.0
18 27 1.0
18 224 1.0
18 230 1.0
18 351 1.0
18 481 1.0
18 482 1.0
18 511 1.0
20 482 1.0
22 482 1.0
23 310 1.0
29 316 1.0
32 360 1.0
32 448 1.0
33 392 1.0
33 472 1.0
34 264 1.0
34 448 1.0
36 238 1.0
42 372 1.0
42 449 1.0
44 92 1.0
45 183 1.0
46 95 1.0
47 11 1.0
49 408 1.0
50 120 1.0
51 415 1.0
55 88 1.0
55 415 1.0
56 325 1.0
57 56 1.0
57 412 1.0
57 447 1.0
58 32 1.0
58 415 1.0
59 118 1.0
64 306 1.0
65 304 1.0
70 0 1.0
72 232 1.0
73 311 1.0
76 231 1.0
76 316 1.0
77 199 1.0
77 203 1.0
77 205 1.0
77 277 1.0
77 420 1.0
77 465 1.0
78 157 1.0
79 102 1.0
79 228 1.0
79 417 1.0
86 102 1.0
87 490 1.0
88 479 1.0
90 88 1.0
92 113 1.0
92 249 1.0
97 429 1.0
102 229 1.0
102 261 1.0
106 379 1.0
107 388 1.0
109 119 1.0
110 264 1.0
110 448 1.0
113 210 1.0
114 210 1.0
115 146 1.0
115 210 1.0
116 88 1.0
116 211 1.0
116 415 1.0
117 211 1.0
117 239 1.0
118 121 1.0
120 435 1.0
121 35 1.0
121 440 1.0
122 41 1.0
122 69 1.0
122 175 1.0
122 506 1.0
125 454 1.0
126 506 1.0
