2 131 1.0
2 235 1.0
4 13 1.0
5 493 1.0
6 264 1.0
6 300 1.0
6 360 1.0
6 365 1.0
6 406 1.0
6 478 1.0
7 223 1.0
7 227 1.0
10 175 1.0
12 278 1.0
14 236 1.0
20 376 1.0
21 138 1.0
21 445 1.0
22 280 1.0
22 367 1.0
22 502 1.0
30 256 1.0
31 210 1.0
32 236 1.0
34 59 1.0
34 184 1.0
34 231 1.0
36 324 1.0
37 86 1.0
38 7 1.0
43 47 1.0
44 32 1.0
47 41 1.0
47 461 1.0
47 501 1.0
50 175 1.0
54 282 1.0
54 351 1.0
56 267 1.0
57 25 1.0
62 128 1.0
67 456 1.0
68 390 1.0
70 252 1.0
70 307 1.0
72 34 1.0
74 53 1.0
74 175 1.0
76 252 1.0
80 27 1.0
80 69 1.0
81 236 1.0
82 503 1.0
84 230 1.0
84 393 1.0
87 30 1.0
87 44 1.0
87 69 1.0
87 96 1.0
87 148 1.0
87 207 1.0
87 375 1.0
87 398 1.0
87 468 1.0
88 77 1.0
88 375 1.0
89 501 1.0
92 13 1.0
92 85 1.0
94 225 1.0
95 224 1.0
99 251 1.0
100 86 1.0
101 190 1.0
102 319 1.0
105 125 1.0
105 321 1.0
108 501 1.0
109 283 1.0
109 477 1.0
114 459 1.0
116 92 1.0
116 213 1.0
118 323 1.0
125 501 1.0
