0 172 1.0
0 240 1.0
2 120 1.0
2 478 1.0
3 444 1.0
6 32 1.0
7 109 1.0
7 306 1.0
7 387 1.0
7 416 1.0
8 184 1.0
11 429 1.0
13 142 1.0
13 347 1.0
13 408 1.0
13 415 1.0
13 423 1.0
13 456 1.0
15 81 1.0
15 423 1.0
22 227 1.0
25 145 1.0
28 67 1.0
28 113 1.0
29 107 1.0
30 306 1.0
30 484 1.0
31 65 1.0
32 74 1.0
32 399 1.0
32 456 1.0
33 422 1.0
37 230 1.0
37 511 1.0
38 93 1.0
39 231 1.0
41 160 1.0
41 277 1.0
41 366 1.0
42 118 1.0
42 306 1.0
46 73 1.0
47 472 1.0
51 109 1.0
51 318 1.0
52 189 1.0
53 244 1.0
53 427 1.0
55 110 1.0
55 290 1.0
58 201 1.0
61 306 1.0
61 505 1.0
64 503 1.0
65 230 1.0
65 394 1.0
66 266 1.0
68 59 1.0
69 118 1.0
69 306 1.0
69 454 1.0
70 140 1.0
70 444 1.0
71 75 1.0
71 284 1.0
72 340 1.0
74 74 1.0
74 94 1.0
76 33 1.0
76 442 1.0
77 121 1.0
81 415 1.0
84 41 1.0
84 175 1.0
84 496 1.0
86 24 1.0
86 48 1.0
86 143 1.0
86 157 1.0
86 165 1.0
86 201 1.0
86 297 1.0
86 316 1.0
86 480 1.0
90 148 1.0
90 378 1.0
91 79 1.0
92 69 1.0
94 27 1.0
95 298 1.0
96 103 1.0
96 191 1.0
96 306 1.0
97 59 1.0
98 109 1.0
98 114 1.0
98 234 1.0
101 341 1.0
103 59 1.0
106 288 1.0
107 65 1.0
107 239 1.0
108 469 1.0
109 249 1.0
111 140 1.0
111 444 1.0
114 372 1.0
115 442 1.0
117 174 1.0
121 0 1.0
122 300 1.0
126 271 1.0
