0 156 1.0
2 346 1.0
2 442 1.0
4 346 1.0
7 38 1.0
7 134 1.0
7 450 1.0
7 462 1.0
7 509 1.0
13 4 1.0
13 92 1.0
14 206 1.0
20 165 1.0
20 327 1.0
21 206 1.0
24 358 1.0
25 57 1.0
25 162 1.0
27 80 1.0
29 360 1.0
30 87 1.0
32 44 1.0
32 233 1.0
34 72 1.0
35 165 1.0
36 401 1.0
37 274 1.0
41 47 1.0
41 459 1.0
41 473 1.0
44 87 1.0
44 269 1.0
45 189 1.0
46 170 1.0
47 43 1.0
50 199 1.0
51 165 1.0
51 509 1.0
53 74 1.0
53 187 1.0
54 371 1.0
54 450 1.0
56 274 1.0
57 223 1.0
59 34 1.0
60 489 1.0
62 156 1.0
62 465 1.0
64 274 1.0
66 343 1.0
66 438 1.0
67 272 1.0
68 206 1.0
68 222 1.0
68 229 1.0
69 80 1.0
69 87 1.0
69 256 1.0
77 88 1.0
78 418 1.0
84 378 1.0
85 92 1.0
86 37 1.0
86 100 1.0
86 285 1.0
86 287 1.0
86 328 1.0
86 334 1.0
86 339 1.0
91 285 1.0
91 337 1.0
91 509 1.0
92 116 1.0
92 378 1.0
94 130 1.0
95 128 1.0
96 87 1.0
104 203 1.0
105 498 1.0
109 442 1.0
109 482 1.0
110 415 1.0
110 416 1.0
116 189 1.0
116 228 1.0
121 165 1.0
121 330 1.0
125 105 1.0
126 237 1.0
