0 378 1.0
0 390 1.0
3 391 1.0
4 391 1.0
6 384 1.0
7 387 1.0
7 388 1.0
7 392 1.0
7 393 1.0
7 394 1.0
8 391 1.0
9 135 1.0
9 391 1.0
9 498 1.0
10 391 1.0
11 6 1.0
12 400 1.0
15 6 1.0
16 6 1.0
16 396 1.0
17 402 1.0
18 401 1.0
19 6 1.0
20 6 1.0
21 6 1.0
22 6 1.0
23 6 1.0
24 409 1.0
24 410 1.0
24 414 1.0
25 408 1.0
25 410 1.0
25 411 1.0
26 408 1.0
26 409 1.0
26 414 1.0
27 409 1.0
27 414 1.0
28 283 1.0
28 414 1.0
30 69 1.0
30 279 1.0
30 408 1.0
30 410 1.0
30 411 1.0
30 412 1.0
31 416 1.0
32 118 1.0
32 415 1.0
33 19 1.0
34 365 1.0
34 419 1.0
34 420 1.0
34 421 1.0
34 422 1.0
35 418 1.0
35 420 1.0
36 418 1.0
36 419 1.0
37 418 1.0
38 345 1.0
38 348 1.0
38 418 1.0
40 367 1.0
40 368 1.0
42 427 1.0
43 426 1.0
44 370 1.0
44 429 1.0
44 430 1.0
45 428 1.0
46 33 1.0
46 166 1.0
46 167 1.0
46 428 1.0
46 435 1.0
47 167 1.0
48 135 1.0
48 167 1.0
48 498 1.0
49 167 1.0
50 166 1.0
50 167 1.0
51 166 1.0
51 167 1.0
51 430 1.0
52 116 1.0
53 101 1.0
53 147 1.0
53 438 1.0
53 439 1.0
53 440 1.0
54 437 1.0
55 140 1.0
55 437 1.0
56 437 1.0
59 306 1.0
59 444 1.0
60 306 1.0
60 443 1.0
63 498 1.0
66 22 1.0
66 38 1.0
66 161 1.0
66 168 1.0
66 173 1.0
66 276 1.0
66 323 1.0
66 334 1.0
66 337 1.0
66 339 1.0
66 340 1.0
66 451 1.0
66 452 1.0
66 453 1.0
66 454 1.0
66 455 1.0
66 456 1.0
66 457 1.0
66 458 1.0
66 459 1.0
66 460 1.0
66 461 1.0
66 462 1.0
66 463 1.0
66 464 1.0
66 465 1.0
66 466 1.0
66 467 1.0
66 468 1.0
66 469 1.0
66 470 1.0
66 471 1.0
66 472 1.0
66 473 1.0
67 450 1.0
67 468 1.0
68 450 1.0
69 450 1.0
70 450 1.0
71 450 1.0
72 450 1.0
73 450 1.0
74 450 1.0
75 47 1.0
75 450 1.0
76 450 1.0
77 450 1.0
78 245 1.0
78 450 1.0
79 450 1.0
80 450 1.0
81 450 1.0
81 466 1.0
81 467 1.0
81 508 1.0
82 450 1.0
82 465 1.0
83 450 1.0
83 465 1.0
84 450 1.0
84 451 1.0
85 450 1.0
86 450 1.0
87 450 1.0
88 450 1.0
89 450 1.0
89 489 1.0
90 480 1.0
96 474 1.0
98 122 1.0
98 483 1.0
99 482 1.0
101 92 1.0
105 47 1.0
105 473 1.0
105 490 1.0
105 491 1.0
105 492 1.0
106 489 1.0
106 509 1.0
107 489 1.0
108 489 1.0
109 7 1.0
109 43 1.0
114 78 1.0
114 118 1.0
114 129 1.0
114 271 1.0
114 276 1.0
114 353 1.0
114 355 1.0
114 358 1.0
114 393 1.0
114 432 1.0
114 447 1.0
114 499 1.0
114 500 1.0
114 501 1.0
114 502 1.0
114 503 1.0
114 504 1.0
114 505 1.0
114 506 1.0
115 498 1.0
116 498 1.0
117 498 1.0
118 498 1.0
119 353 1.0
119 498 1.0
119 506 1.0
120 498 1.0
121 498 1.0
122 498 1.0
122 503 1.0
124 465 1.0
125 115 1.0
125 236 1.0
125 240 1.0
125 248 1.0
125 251 1.0
125 255 1.0
125 294 1.0
125 316 1.0
125 320 1.0
125 490 1.0
125 510 1.0
125 511 1.0
126 509 1.0
127 509 1.0
