0 30 1.0
0 187 1.0
0 188 1.0
1 391 1.0
2 358 1.0
8 6 1.0
10 378 1.0
10 383 1.0
11 56 1.0
11 378 1.0
11 383 1.0
11 437 1.0
16 165 1.0
17 128 1.0
20 416 1.0
20 497 1.0
20 505 1.0
21 167 1.0
22 12 1.0
22 274 1.0
23 498 1.0
24 22 1.0
24 450 1.0
25 360 1.0
25 366 1.0
25 367 1.0
26 54 1.0
27 109 1.0
27 274 1.0
29 297 1.0
30 257 1.0
30 258 1.0
30 259 1.0
32 298 1.0
33 425 1.0
39 419 1.0
39 420 1.0
40 249 1.0
44 6 1.0
47 481 1.0
47 482 1.0
48 306 1.0
48 444 1.0
49 200 1.0
49 227 1.0
50 463 1.0
51 70 1.0
54 437 1.0
55 229 1.0
56 295 1.0
57 229 1.0
59 385 1.0
59 463 1.0
60 259 1.0
61 280 1.0
62 378 1.0
63 102 1.0
63 197 1.0
65 105 1.0
65 142 1.0
65 500 1.0
67 118 1.0
67 274 1.0
68 36 1.0
72 367 1.0
73 498 1.0
74 480 1.0
76 366 1.0
81 457 1.0
83 482 1.0
84 264 1.0
85 226 1.0
86 348 1.0
92 222 1.0
95 54 1.0
100 308 1.0
101 165 1.0
101 328 1.0
104 6 1.0
105 172 1.0
106 165 1.0
107 406 1.0
107 409 1.0
107 414 1.0
109 6 1.0
109 399 1.0
111 22 1.0
117 488 1.0
119 87 1.0
119 88 1.0
120 20 1.0
121 294 1.0
121 295 1.0
121 296 1.0
123 138 1.0
124 414 1.0
126 309 1.0
127 377 1.0
