2 97 1.0
2 179 1.0
4 459 1.0
5 316 1.0
5 339 1.0
6 391 1.0
7 390 1.0
8 94 1.0
8 444 1.0
9 428 1.0
9 505 1.0
12 397 1.0
13 61 1.0
13 372 1.0
13 396 1.0
20 178 1.0
20 405 1.0
20 510 1.0
21 404 1.0
21 510 1.0
24 25 1.0
24 30 1.0
25 11 1.0
33 36 1.0
33 104 1.0
35 70 1.0
35 216 1.0
35 326 1.0
36 283 1.0
36 334 1.0
37 422 1.0
38 421 1.0
40 227 1.0
42 59 1.0
42 201 1.0
44 312 1.0
44 393 1.0
48 433 1.0
49 432 1.0
52 161 1.0
54 95 1.0
54 211 1.0
56 335 1.0
56 458 1.0
57 464 1.0
58 17 1.0
60 251 1.0
60 392 1.0
61 474 1.0
62 46 1.0
63 334 1.0
68 146 1.0
69 74 1.0
70 48 1.0
72 79 1.0
72 334 1.0
73 18 1.0
74 378 1.0
74 440 1.0
75 48 1.0
75 53 1.0
75 225 1.0
75 258 1.0
75 334 1.0
75 388 1.0
78 11 1.0
79 477 1.0
80 441 1.0
83 296 1.0
84 334 1.0
90 445 1.0
91 190 1.0
91 334 1.0
92 107 1.0
92 109 1.0
93 50 1.0
93 375 1.0
93 463 1.0
94 176 1.0
94 358 1.0
94 479 1.0
95 478 1.0
97 48 1.0
97 122 1.0
98 122 1.0
98 205 1.0
99 319 1.0
100 381 1.0
101 238 1.0
102 22 1.0
102 138 1.0
102 178 1.0
103 495 1.0
108 334 1.0
109 18 1.0
110 39 1.0
110 105 1.0
111 487 1.0
111 510 1.0
112 79 1.0
117 200 1.0
117 346 1.0
118 200 1.0
120 337 1.0
120 374 1.0
121 91 1.0
121 154 1.0
121 242 1.0
121 393 1.0
122 345 1.0
123 240 1.0
125 85 1.0
126 58 1.0
126 404 1.0
126 405 1.0
126 495 1.0
127 327 1.0
