1 258 1.0
2 223 1.0
2 357 1.0
4 55 1.0
4 65 1.0
5 89 1.0
6 121 1.0
6 302 1.0
6 306 1.0
8 38 1.0
8 401 1.0
9 110 1.0
10 245 1.0
13 145 1.0
17 111 1.0
17 188 1.0
17 301 1.0
17 439 1.0
18 404 1.0
19 510 1.0
20 304 1.0
20 467 1.0
21 202 1.0
21 353 1.0
22 88 1.0
22 162 1.0
22 415 1.0
24 295 1.0
24 507 1.0
25 295 1.0
27 410 1.0
28 505 1.0
29 474 1.0
30 472 1.0
31 472 1.0
33 278 1.0
37 73 1.0
38 37 1.0
41 306 1.0
42 368 1.0
43 270 1.0
43 279 1.0
49 457 1.0
51 382 1.0
51 424 1.0
51 461 1.0
53 319 1.0
56 187 1.0
57 64 1.0
59 254 1.0
59 507 1.0
62 73 1.0
62 337 1.0
63 270 1.0
65 230 1.0
65 396 1.0
67 45 1.0
67 78 1.0
68 239 1.0
76 186 1.0
82 22 1.0
86 154 1.0
88 258 1.0
89 310 1.0
92 493 1.0
93 306 1.0
98 202 1.0
98 328 1.0
99 102 1.0
99 306 1.0
99 505 1.0
101 302 1.0
101 308 1.0
103 198 1.0
104 4 1.0
105 428 1.0
105 492 1.0
106 452 1.0
106 505 1.0
107 356 1.0
110 110 1.0
110 189 1.0
112 248 1.0
112 443 1.0
113 377 1.0
114 255 1.0
116 162 1.0
119 15 1.0
120 310 1.0
122 239 1.0
123 405 1.0
124 458 1.0
