0 204 1.0
1 431 1.0
2 107 1.0
2 109 1.0
2 476 1.0
6 152 1.0
6 153 1.0
6 276 1.0
6 277 1.0
6 310 1.0
6 316 1.0
6 389 1.0
6 453 1.0
8 354 1.0
10 334 1.0
14 334 1.0
16 65 1.0
16 481 1.0
17 384 1.0
17 385 1.0
19 446 1.0
22 167 1.0
23 236 1.0
26 334 1.0
29 334 1.0
30 175 1.0
32 334 1.0
33 26 1.0
35 21 1.0
38 42 1.0
40 307 1.0
41 30 1.0
41 31 1.0
41 75 1.0
41 197 1.0
41 310 1.0
43 158 1.0
43 159 1.0
47 96 1.0
47 103 1.0
47 200 1.0
48 343 1.0
49 377 1.0
51 200 1.0
52 23 1.0
56 327 1.0
57 141 1.0
62 66 1.0
62 69 1.0
62 123 1.0
63 175 1.0
63 334 1.0
64 35 1.0
66 180 1.0
66 392 1.0
68 260 1.0
68 334 1.0
69 30 1.0
71 75 1.0
71 197 1.0
75 438 1.0
77 332 1.0
80 378 1.0
82 119 1.0
82 401 1.0
83 417 1.0
84 334 1.0
84 459 1.0
85 168 1.0
85 400 1.0
86 246 1.0
86 265 1.0
87 120 1.0
87 227 1.0
88 172 1.0
88 481 1.0
89 285 1.0
91 205 1.0
91 284 1.0
92 18 1.0
92 93 1.0
92 115 1.0
94 245 1.0
97 72 1.0
98 26 1.0
98 325 1.0
98 437 1.0
99 134 1.0
109 319 1.0
109 483 1.0
110 334 1.0
110 447 1.0
111 480 1.0
112 186 1.0
114 89 1.0
114 336 1.0
115 224 1.0
117 70 1.0
117 345 1.0
119 97 1.0
119 107 1.0
119 386 1.0
120 343 1.0
124 200 1.0
124 267 1.0
127 95 1.0
127 438 1.0
