0 244 1.0
1 53 1.0
1 145 1.0
3 111 1.0
5 440 1.0
6 154 1.0
7 86 1.0
7 324 1.0
9 86 1.0
11 437 1.0
12 40 1.0
12 467 1.0
14 53 1.0
14 495 1.0
16 291 1.0
18 501 1.0
19 94 1.0
22 97 1.0
22 117 1.0
22 421 1.0
24 55 1.0
27 199 1.0
28 235 1.0
29 135 1.0
29 392 1.0
29 510 1.0
31 472 1.0
35 86 1.0
36 297 1.0
36 331 1.0
40 12 1.0
41 233 1.0
42 173 1.0
46 364 1.0
48 262 1.0
49 504 1.0
50 192 1.0
53 1 1.0
53 14 1.0
53 175 1.0
55 24 1.0
55 119 1.0
55 248 1.0
59 184 1.0
61 131 1.0
62 64 1.0
64 62 1.0
64 153 1.0
65 337 1.0
65 358 1.0
65 394 1.0
67 482 1.0
68 232 1.0
72 111 1.0
76 186 1.0
77 468 1.0
79 130 1.0
79 505 1.0
82 151 1.0
83 504 1.0
84 132 1.0
84 480 1.0
86 7 1.0
86 9 1.0
86 35 1.0
86 125 1.0
86 254 1.0
86 333 1.0
86 357 1.0
86 456 1.0
86 491 1.0
91 204 1.0
91 283 1.0
94 19 1.0
97 22 1.0
97 371 1.0
98 314 1.0
102 376 1.0
105 193 1.0
106 426 1.0
108 411 1.0
110 374 1.0
110 490 1.0
111 3 1.0
111 72 1.0
117 22 1.0
117 371 1.0
118 461 1.0
119 55 1.0
125 86 1.0
126 271 1.0
126 296 1.0
126 381 1.0
126 412 1.0
127 388 1.0
