2 375 1.0
3 375 1.0
5 167 1.0
5 168 1.0
6 168 1.0
12 16 1.0
12 464 1.0
13 464 1.0
18 389 1.0
19 268 1.0
19 367 1.0
21 354 1.0
22 26 1.0
22 99 1.0
22 122 1.0
23 26 1.0
23 99 1.0
23 122 1.0
23 123 1.0
25 499 1.0
26 499 1.0
29 106 1.0
31 89 1.0
31 340 1.0
32 444 1.0
34 425 1.0
37 365 1.0
39 48 1.0
40 192 1.0
40 456 1.0
41 217 1.0
42 217 1.0
42 243 1.0
44 105 1.0
46 124 1.0
48 331 1.0
50 167 1.0
51 385 1.0
52 369 1.0
52 385 1.0
53 252 1.0
54 455 1.0
55 85 1.0
56 85 1.0
58 94 1.0
60 111 1.0
60 301 1.0
61 157 1.0
62 417 1.0
65 388 1.0
66 271 1.0
66 299 1.0
71 403 1.0
72 137 1.0
73 406 1.0
74 114 1.0
75 353 1.0
76 507 1.0
83 246 1.0
86 148 1.0
86 381 1.0
93 154 1.0
100 460 1.0
105 117 1.0
105 259 1.0
106 381 1.0
106 450 1.0
106 492 1.0
107 237 1.0
111 269 1.0
112 3 1.0
113 10 1.0
114 5 1.0
114 466 1.0
115 488 1.0
119 269 1.0
