0 337 1.0
1 258 1.0
2 257 1.0
2 504 1.0
4 511 1.0
7 8 1.0
17 218 1.0
23 280 1.0
24 279 1.0
25 47 1.0
25 96 1.0
25 282 1.0
25 283 1.0
26 155 1.0
26 281 1.0
27 96 1.0
27 281 1.0
31 211 1.0
31 288 1.0
32 287 1.0
32 476 1.0
33 211 1.0
34 507 1.0
35 292 1.0
36 291 1.0
39 296 1.0
40 295 1.0
40 427 1.0
42 301 1.0
45 298 1.0
45 310 1.0
51 308 1.0
51 309 1.0
52 163 1.0
52 307 1.0
52 309 1.0
53 307 1.0
53 308 1.0
54 301 1.0
55 324 1.0
60 3 1.0
60 218 1.0
63 129 1.0
63 320 1.0
63 321 1.0
63 322 1.0
63 323 1.0
64 319 1.0
64 322 1.0
65 319 1.0
65 322 1.0
66 319 1.0
66 320 1.0
66 321 1.0
67 129 1.0
67 319 1.0
68 311 1.0
71 222 1.0
76 75 1.0
78 335 1.0
79 334 1.0
81 54 1.0
81 55 1.0
81 104 1.0
81 256 1.0
85 403 1.0
86 343 1.0
86 403 1.0
87 342 1.0
87 403 1.0
88 403 1.0
90 180 1.0
90 347 1.0
90 348 1.0
90 349 1.0
91 180 1.0
91 346 1.0
92 346 1.0
93 346 1.0
94 445 1.0
95 192 1.0
95 386 1.0
97 386 1.0
97 387 1.0
98 355 1.0
99 354 1.0
101 233 1.0
106 363 1.0
107 362 1.0
109 366 1.0
109 367 1.0
110 365 1.0
111 365 1.0
112 369 1.0
113 368 1.0
119 103 1.0
121 51 1.0
121 378 1.0
122 377 1.0
123 380 1.0
124 379 1.0
127 384 1.0
